 &plot nbnd=  16, nks=    81 /
            0.500000  0.500000  0.500000
   -3.426   -3.426   -0.766   -0.766    4.991    4.991    5.023    5.023    7.742    7.742
    9.538    9.538    9.553    9.553   13.940   13.940
            0.475000  0.475000  0.475000
   -3.462   -3.462   -0.715   -0.715    4.995    4.995    5.027    5.027    7.747    7.747
    9.543    9.543    9.558    9.558   13.948   13.948
            0.450000  0.450000  0.450000
   -3.561   -3.561   -0.570   -0.570    5.009    5.009    5.041    5.041    7.762    7.762
    9.559    9.559    9.573    9.573   13.971   13.971
            0.425000  0.425000  0.425000
   -3.705   -3.705   -0.348   -0.348    5.031    5.031    5.063    5.063    7.788    7.788
    9.583    9.583    9.598    9.598   14.008   14.008
            0.400000  0.400000  0.400000
   -3.878   -3.878   -0.068   -0.068    5.063    5.063    5.094    5.094    7.824    7.824
    9.613    9.613    9.629    9.629   14.052   14.052
            0.375000  0.375000  0.375000
   -4.064   -4.064    0.257    0.257    5.103    5.103    5.135    5.135    7.869    7.869
    9.648    9.648    9.664    9.664   14.094   14.094
            0.350000  0.350000  0.350000
   -4.255   -4.255    0.615    0.615    5.152    5.152    5.183    5.183    7.925    7.925
    9.683    9.683    9.700    9.700   14.108   14.108
            0.325000  0.325000  0.325000
   -4.443   -4.443    1.001    1.001    5.209    5.209    5.241    5.241    7.990    7.990
    9.712    9.712    9.730    9.730   14.043   14.043
            0.300000  0.300000  0.300000
   -4.625   -4.625    1.409    1.409    5.275    5.275    5.307    5.307    8.063    8.063
    9.729    9.729    9.748    9.748   13.803   13.803
            0.275000  0.275000  0.275000
   -4.797   -4.797    1.835    1.835    5.349    5.349    5.381    5.381    8.145    8.145
    9.727    9.727    9.748    9.748   13.517   13.517
            0.250000  0.250000  0.250000
   -4.958   -4.958    2.277    2.277    5.430    5.430    5.462    5.462    8.233    8.233
    9.700    9.700    9.722    9.722   13.124   13.124
            0.225000  0.225000  0.225000
   -5.106   -5.106    2.732    2.732    5.518    5.518    5.549    5.549    8.327    8.327
    9.643    9.643    9.666    9.666   12.698   12.698
            0.200000  0.200000  0.200000
   -5.240   -5.240    3.196    3.196    5.611    5.611    5.642    5.642    8.424    8.424
    9.557    9.557    9.580    9.580   12.256   12.256
            0.175000  0.175000  0.175000
   -5.360   -5.360    3.666    3.666    5.707    5.707    5.739    5.739    8.523    8.523
    9.445    9.445    9.469    9.469   11.807   11.807
            0.150000  0.150000  0.150000
   -5.464   -5.464    4.138    4.138    5.805    5.805    5.837    5.837    8.618    8.618
    9.316    9.316    9.340    9.340   11.357   11.357
            0.125000  0.125000  0.125000
   -5.553   -5.553    4.606    4.606    5.901    5.901    5.933    5.933    8.706    8.706
    9.181    9.181    9.204    9.204   10.915   10.915
            0.100000  0.100000  0.100000
   -5.627   -5.627    5.060    5.060    5.992    5.992    6.023    6.023    8.778    8.778
    9.049    9.049    9.072    9.072   10.491   10.491
            0.075000  0.075000  0.075000
   -5.684   -5.684    5.483    5.483    6.072    6.072    6.103    6.103    8.822    8.822
    8.932    8.932    8.954    8.954   10.110   10.110
            0.050000  0.050000  0.050000
   -5.725   -5.725    5.847    5.847    6.136    6.136    6.167    6.167    8.817    8.817
    8.847    8.847    8.860    8.860    9.808    9.808
            0.025000  0.025000  0.025000
   -5.749   -5.749    6.103    6.103    6.183    6.183    6.208    6.208    8.767    8.767
    8.800    8.800    8.802    8.802    9.624    9.624
            0.000000  0.000000  0.000000
   -5.757   -5.757    6.174    6.174    6.222    6.222    6.222    6.222    8.744    8.744
    8.779    8.779    8.779    8.779    9.566    9.566
            0.000000  0.050000  0.000000
   -5.747   -5.747    6.115    6.115    6.161    6.161    6.175    6.175    8.737    8.737
    8.820    8.820    8.839    8.839    9.639    9.639
            0.000000  0.100000  0.000000
   -5.714   -5.714    5.922    5.922    6.021    6.021    6.044    6.044    8.662    8.662
    8.989    8.989    9.007    9.007    9.837    9.837
            0.000000  0.150000  0.000000
   -5.659   -5.659    5.625    5.625    5.835    5.835    5.857    5.857    8.541    8.541
    9.242    9.242    9.257    9.257   10.110   10.110
            0.000000  0.200000  0.000000
   -5.583   -5.583    5.266    5.266    5.620    5.620    5.639    5.639    8.389    8.389
    9.554    9.554    9.565    9.565   10.394   10.394
            0.000000  0.250000  0.000000
   -5.485   -5.485    4.871    4.871    5.390    5.390    5.408    5.408    8.217    8.217
    9.905    9.905    9.913    9.913   10.601   10.601
            0.000000  0.300000  0.000000
   -5.365   -5.365    4.453    4.453    5.158    5.158    5.173    5.173    8.034    8.034
   10.284   10.284   10.290   10.290   10.619   10.619
            0.000000  0.350000  0.000000
   -5.224   -5.224    4.021    4.021    4.931    4.931    4.944    4.944    7.848    7.848
   10.421   10.421   10.684   10.684   10.687   10.687
            0.000000  0.400000  0.000000
   -5.062   -5.062    3.581    3.581    4.711    4.711    4.723    4.723    7.667    7.667
   10.095   10.095   11.100   11.100   11.101   11.101
            0.000000  0.450000  0.000000
   -4.879   -4.879    3.135    3.135    4.504    4.504    4.514    4.514    7.495    7.495
    9.722    9.722   11.526   11.526   11.527   11.527
            0.000000  0.500000  0.000000
   -4.676   -4.676    2.687    2.687    4.311    4.311    4.320    4.320    7.336    7.336
    9.340    9.340   11.962   11.962   11.964   11.964
            0.000000  0.550000  0.000000
   -4.452   -4.452    2.237    2.237    4.133    4.133    4.141    4.141    7.193    7.193
    8.970    8.970   12.405   12.405   12.409   12.409
            0.000000  0.600000  0.000000
   -4.208   -4.208    1.788    1.788    3.972    3.972    3.979    3.979    7.068    7.068
    8.621    8.621   12.856   12.856   12.861   12.861
            0.000000  0.650000  0.000000
   -3.945   -3.945    1.341    1.341    3.829    3.829    3.834    3.834    6.963    6.963
    8.299    8.299   13.313   13.313   13.319   13.319
            0.000000  0.700000  0.000000
   -3.664   -3.664    0.897    0.897    3.703    3.703    3.708    3.708    6.880    6.880
    8.007    8.007   13.775   13.775   13.782   13.782
            0.000000  0.750000  0.000000
   -3.363   -3.363    0.458    0.458    3.597    3.597    3.600    3.600    6.821    6.821
    7.747    7.747   14.242   14.242   14.250   14.250
            0.000000  0.800000  0.000000
   -3.045   -3.045    0.026    0.026    3.509    3.509    3.512    3.512    6.787    6.787
    7.517    7.517   14.712   14.712   14.721   14.721
            0.000000  0.850000  0.000000
   -2.711   -2.711   -0.399   -0.399    3.440    3.440    3.443    3.443    6.778    6.778
    7.320    7.320   15.184   15.184   15.193   15.193
            0.000000  0.900000  0.000000
   -2.360   -2.360   -0.815   -0.815    3.391    3.391    3.393    3.393    6.796    6.796
    7.155    7.155   15.648   15.648   15.657   15.657
            0.000000  0.950000  0.000000
   -1.994   -1.994   -1.220   -1.220    3.362    3.362    3.363    3.363    6.842    6.842
    7.020    7.020   16.076   16.076   16.083   16.083
            0.000000  1.000000  0.000000
   -1.614   -1.614   -1.614   -1.614    3.353    3.353    3.353    3.353    6.916    6.916
    6.916    6.916   16.309   16.309   16.309   16.309
            0.000000  0.987500  0.037500
   -1.708   -1.708   -1.515   -1.515    3.333    3.333    3.336    3.336    6.929    6.929
    6.973    6.973   16.217   16.217   16.253   16.253
            0.000000  0.975000  0.075000
   -1.796   -1.796   -1.412   -1.412    3.279    3.279    3.287    3.287    7.012    7.012
    7.097    7.097   15.903   15.903   16.122   16.122
            0.000000  0.962500  0.112500
   -1.877   -1.877   -1.307   -1.307    3.193    3.193    3.215    3.215    7.157    7.157
    7.280    7.280   15.427   15.427   15.936   15.936
            0.000000  0.950000  0.150000
   -1.951   -1.951   -1.203   -1.203    3.083    3.083    3.132    3.132    7.359    7.359
    7.513    7.513   14.878   14.878   15.689   15.689
            0.000000  0.937500  0.187500
   -2.017   -2.017   -1.101   -1.101    2.958    2.958    3.046    3.046    7.606    7.606
    7.789    7.789   14.299   14.299   15.387   15.387
            0.000000  0.925000  0.225000
   -2.075   -2.075   -1.005   -1.005    2.824    2.824    2.968    2.968    7.893    7.893
    8.101    8.101   13.710   13.710   15.047   15.047
            0.000000  0.912500  0.262500
   -2.124   -2.124   -0.918   -0.918    2.688    2.688    2.904    2.904    8.212    8.212
    8.442    8.442   13.120   13.120   14.687   14.687
            0.000000  0.900000  0.300000
   -2.165   -2.165   -0.842   -0.842    2.554    2.554    2.862    2.862    8.557    8.557
    8.807    8.807   12.536   12.536   14.320   14.320
           -0.000000  0.887500  0.337500
   -2.197   -2.197   -0.781   -0.781    2.425    2.425    2.847    2.847    8.925    8.925
    9.192    9.192   11.965   11.965   13.951   13.951
            0.000000  0.875000  0.375000
   -2.221   -2.221   -0.737   -0.737    2.306    2.306    2.862    2.862    9.312    9.312
    9.589    9.589   11.414   11.414   13.587   13.587
            0.000000  0.862500  0.412500
   -2.237   -2.237   -0.711   -0.711    2.198    2.198    2.908    2.908    9.713    9.713
    9.964    9.964   10.918   10.918   13.230   13.230
            0.000000  0.850000  0.450000
   -2.244   -2.244   -0.702   -0.702    2.102    2.102    2.984    2.984   10.067   10.067
   10.127   10.127   10.728   10.728   12.884   12.884
            0.000000  0.837500  0.487500
   -2.243   -2.243   -0.710   -0.710    2.020    2.020    3.087    3.087    9.685    9.685
   10.544   10.544   11.062   11.062   12.555   12.555
            0.000000  0.825000  0.525000
   -2.234   -2.234   -0.732   -0.732    1.953    1.953    3.211    3.211    9.225    9.225
   10.952   10.952   11.511   11.511   12.257   12.257
            0.000000  0.812500  0.562500
   -2.218   -2.218   -0.766   -0.766    1.902    1.902    3.350    3.350    8.781    8.781
   11.282   11.282   11.991   11.991   12.055   12.055
            0.000000  0.800000  0.600000
   -2.194   -2.194   -0.808   -0.808    1.868    1.868    3.492    3.492    8.371    8.371
   11.320   11.320   12.162   12.162   12.489   12.489
            0.000000  0.787500  0.637500
   -2.163   -2.163   -0.857   -0.857    1.851    1.851    3.623    3.623    8.012    8.012
   11.113   11.113   12.529   12.529   12.997   12.997
            0.000000  0.775000  0.675000
   -2.125   -2.125   -0.910   -0.910    1.851    1.851    3.728    3.728    7.720    7.720
   10.855   10.855   12.956   12.956   13.513   13.513
           -0.000000  0.762500  0.712500
   -2.080   -2.080   -0.966   -0.966    1.868    1.868    3.786    3.786    7.513    7.513
   10.592   10.592   13.375   13.375   14.027   14.027
            0.000000  0.750000  0.750000
   -2.027   -2.027   -1.023   -1.023    1.903    1.903    3.780    3.780    7.410    7.410
   10.336   10.336   13.673   13.673   14.220   14.220
            0.000000  0.712500  0.712500
   -2.215   -2.215   -0.834   -0.834    1.809    1.809    3.912    3.912    7.563    7.563
   11.099   11.099   13.217   13.217   13.760   13.760
            0.000000  0.675000  0.675000
   -2.440   -2.440   -0.618   -0.618    1.787    1.787    4.059    4.059    7.733    7.733
   11.854   11.854   12.777   12.777   13.355   13.355
            0.000000  0.637500  0.637500
   -2.693   -2.693   -0.377   -0.377    1.834    1.834    4.219    4.219    7.918    7.918
   12.355   12.355   12.393   12.393   13.209   13.209
            0.000000  0.600000  0.600000
   -2.964   -2.964   -0.110   -0.110    1.940    1.940    4.390    4.390    8.114    8.114
   11.955   11.955   12.258   12.258   13.057   13.057
            0.000000  0.562500  0.562500
   -3.246   -3.246    0.182    0.182    2.097    2.097    4.569    4.569    8.318    8.318
   11.576   11.576   11.919   11.919   12.765   12.765
            0.000000  0.525000  0.525000
   -3.528   -3.528    0.498    0.498    2.298    2.298    4.753    4.753    8.522    8.522
   11.219   11.219   11.568   11.568   12.505   12.505
            0.000000  0.487500  0.487500
   -3.806   -3.806    0.840    0.840    2.535    2.535    4.940    4.940    8.720    8.720
   10.886   10.886   11.231   11.231   12.283   12.283
            0.000000  0.450000  0.450000
   -4.073   -4.073    1.205    1.205    2.805    2.805    5.124    5.124    8.901    8.901
   10.575   10.575   10.912   10.912   12.105   12.105
            0.000000  0.412500  0.412500
   -4.328   -4.328    1.594    1.594    3.100    3.100    5.303    5.303    9.055    9.055
   10.289   10.289   10.614   10.614   11.979   11.979
            0.000000  0.375000  0.375000
   -4.566   -4.566    2.005    2.005    3.419    3.419    5.471    5.471    9.170    9.170
   10.026   10.026   10.338   10.338   11.905   11.905
            0.000000  0.337500  0.337500
   -4.785   -4.785    2.438    2.438    3.754    3.754    5.625    5.625    9.239    9.239
    9.788    9.788   10.082   10.082   11.874   11.874
            0.000000  0.300000  0.300000
   -4.985   -4.985    2.890    2.890    4.103    4.103    5.762    5.762    9.265    9.265
    9.575    9.575    9.848    9.848   11.857   11.857
            0.000000  0.262500  0.262500
   -5.163   -5.163    3.360    3.360    4.458    4.458    5.879    5.879    9.255    9.255
    9.386    9.386    9.634    9.634   11.798   11.798
            0.000000  0.225000  0.225000
   -5.319   -5.319    3.845    3.845    4.813    4.813    5.976    5.976    9.211    9.211
    9.231    9.231    9.439    9.439   11.617   11.617
            0.000000  0.187500  0.187500
   -5.452   -5.452    4.340    4.340    5.158    5.158    6.053    6.053    9.082    9.082
    9.170    9.170    9.264    9.264   11.274   11.274
            0.000000  0.150000  0.150000
   -5.561   -5.561    4.835    4.835    5.482    5.482    6.113    6.113    8.968    8.968
    9.102    9.102    9.114    9.114   10.818   10.818
            0.000000  0.112500  0.112500
   -5.647   -5.647    5.315    5.315    5.770    5.770    6.156    6.156    8.879    8.879
    8.973    8.973    9.037    9.037   10.337   10.337
            0.000000  0.075000  0.075000
   -5.708   -5.708    5.749    5.749    6.000    6.000    6.186    6.186    8.814    8.814
    8.867    8.867    8.943    8.943    9.921    9.921
            0.000000  0.037500  0.037500
   -5.745   -5.745    6.073    6.073    6.153    6.153    6.207    6.207    8.769    8.769
    8.799    8.799    8.833    8.833    9.653    9.653
            0.000000  0.000000  0.000000
   -5.757   -5.757    6.174    6.174    6.222    6.222    6.222    6.222    8.744    8.744
    8.779    8.779    8.779    8.779    9.566    9.566
