 &plot nbnd=   8, nks=    81 /
            0.500000  0.500000  0.500000
   -3.427   -0.766    5.006    5.006    7.741    9.545    9.545   13.940
            0.475000  0.475000  0.475000
   -3.463   -0.716    5.011    5.011    7.746    9.550    9.550   13.948
            0.450000  0.450000  0.450000
   -3.561   -0.570    5.024    5.024    7.762    9.566    9.566   13.971
            0.425000  0.425000  0.425000
   -3.706   -0.349    5.047    5.047    7.787    9.590    9.590   14.008
            0.400000  0.400000  0.400000
   -3.879   -0.068    5.078    5.078    7.823    9.621    9.621   14.052
            0.375000  0.375000  0.375000
   -4.065    0.256    5.118    5.118    7.869    9.656    9.656   14.094
            0.350000  0.350000  0.350000
   -4.256    0.615    5.167    5.167    7.925    9.691    9.691   14.108
            0.325000  0.325000  0.325000
   -4.444    1.000    5.225    5.225    7.989    9.721    9.721   14.043
            0.300000  0.300000  0.300000
   -4.625    1.408    5.290    5.290    8.063    9.739    9.739   13.806
            0.275000  0.275000  0.275000
   -4.798    1.835    5.364    5.364    8.144    9.737    9.737   13.517
            0.250000  0.250000  0.250000
   -4.959    2.276    5.445    5.445    8.232    9.711    9.711   13.123
            0.225000  0.225000  0.225000
   -5.107    2.731    5.533    5.533    8.326    9.654    9.654   12.698
            0.200000  0.200000  0.200000
   -5.241    3.195    5.626    5.626    8.424    9.568    9.568   12.256
            0.175000  0.175000  0.175000
   -5.360    3.666    5.722    5.722    8.522    9.457    9.457   11.807
            0.150000  0.150000  0.150000
   -5.465    4.138    5.820    5.820    8.618    9.328    9.328   11.357
            0.125000  0.125000  0.125000
   -5.554    4.606    5.916    5.916    8.706    9.192    9.192   10.914
            0.100000  0.100000  0.100000
   -5.627    5.059    6.007    6.007    8.778    9.060    9.060   10.491
            0.075000  0.075000  0.075000
   -5.684    5.482    6.087    6.087    8.823    8.942    8.942   10.109
            0.050000  0.050000  0.050000
   -5.725    5.848    6.150    6.150    8.827    8.848    8.848    9.807
            0.025000  0.025000  0.025000
   -5.750    6.108    6.192    6.192    8.788    8.788    8.792    9.623
            0.000000  0.000000  0.000000
   -5.758    6.206    6.206    6.206    8.767    8.767    8.767    9.565
            0.000000  0.050000  0.000000
   -5.747    6.131    6.159    6.159    8.740    8.828    8.828    9.638
            0.000000  0.100000  0.000000
   -5.714    5.925    6.030    6.030    8.662    8.997    8.997    9.836
            0.000000  0.150000  0.000000
   -5.660    5.626    5.845    5.845    8.541    9.249    9.249   10.109
            0.000000  0.200000  0.000000
   -5.583    5.266    5.629    5.629    8.389    9.559    9.559   10.393
            0.000000  0.250000  0.000000
   -5.485    4.871    5.398    5.398    8.216    9.909    9.909   10.600
            0.000000  0.300000  0.000000
   -5.366    4.453    5.165    5.165    8.033   10.287   10.287   10.618
            0.000000  0.350000  0.000000
   -5.225    4.021    4.936    4.936    7.848   10.421   10.685   10.685
            0.000000  0.400000  0.000000
   -5.063    3.580    4.716    4.716    7.667   10.095   11.100   11.100
            0.000000  0.450000  0.000000
   -4.880    3.135    4.509    4.509    7.495    9.721   11.526   11.526
            0.000000  0.500000  0.000000
   -4.676    2.686    4.315    4.315    7.336    9.340   11.963   11.963
            0.000000  0.550000  0.000000
   -4.453    2.237    4.136    4.136    7.192    8.970   12.407   12.407
            0.000000  0.600000  0.000000
   -4.209    1.788    3.975    3.975    7.067    8.621   12.858   12.858
            0.000000  0.650000  0.000000
   -3.946    1.340    3.831    3.831    6.963    8.299   13.316   13.316
            0.000000  0.700000  0.000000
   -3.664    0.897    3.705    3.705    6.880    8.007   13.778   13.778
            0.000000  0.750000  0.000000
   -3.364    0.458    3.598    3.598    6.821    7.746   14.246   14.246
            0.000000  0.800000  0.000000
   -3.046    0.025    3.510    3.510    6.786    7.517   14.716   14.716
            0.000000  0.850000  0.000000
   -2.711   -0.400    3.441    3.441    6.778    7.320   15.188   15.188
            0.000000  0.900000  0.000000
   -2.361   -0.816    3.392    3.392    6.796    7.155   15.652   15.652
            0.000000  0.950000  0.000000
   -1.994   -1.221    3.362    3.362    6.842    7.020   16.079   16.079
            0.000000  1.000000  0.000000
   -1.614   -1.614    3.352    3.352    6.916    6.916   16.309   16.309
            0.000000  0.987500  0.037500
   -1.708   -1.515    3.334    3.334    6.929    6.973   16.217   16.253
            0.000000  0.975000  0.075000
   -1.796   -1.413    3.279    3.286    7.011    7.097   15.903   16.122
            0.000000  0.962500  0.112500
   -1.878   -1.308    3.193    3.214    7.157    7.280   15.427   15.935
            0.000000  0.950000  0.150000
   -1.951   -1.204    3.083    3.131    7.359    7.513   14.878   15.689
            0.000000  0.937500  0.187500
   -2.017   -1.102    2.958    3.045    7.606    7.789   14.299   15.387
            0.000000  0.925000  0.225000
   -2.075   -1.006    2.824    2.967    7.893    8.100   13.709   15.047
            0.000000  0.912500  0.262500
   -2.125   -0.918    2.687    2.904    8.212    8.441   13.120   14.687
            0.000000  0.900000  0.300000
   -2.165   -0.843    2.553    2.862    8.557    8.807   12.536   14.320
           -0.000000  0.887500  0.337500
   -2.198   -0.782    2.425    2.847    8.925    9.192   11.964   13.951
            0.000000  0.875000  0.375000
   -2.222   -0.737    2.306    2.861    9.312    9.588   11.414   13.587
            0.000000  0.862500  0.412500
   -2.237   -0.711    2.197    2.907    9.713    9.964   10.918   13.230
            0.000000  0.850000  0.450000
   -2.245   -0.703    2.101    2.983   10.068   10.126   10.728   12.884
            0.000000  0.837500  0.487500
   -2.244   -0.711    2.020    3.086    9.685   10.544   11.061   12.555
            0.000000  0.825000  0.525000
   -2.235   -0.733    1.953    3.211    9.225   10.951   11.511   12.257
            0.000000  0.812500  0.562500
   -2.219   -0.767    1.902    3.349    8.781   11.282   11.991   12.054
            0.000000  0.800000  0.600000
   -2.195   -0.809    1.868    3.491    8.371   11.320   12.162   12.488
            0.000000  0.787500  0.637500
   -2.164   -0.857    1.850    3.623    8.012   11.113   12.529   12.997
            0.000000  0.775000  0.675000
   -2.126   -0.910    1.850    3.727    7.719   10.855   12.956   13.513
           -0.000000  0.762500  0.712500
   -2.080   -0.966    1.868    3.785    7.513   10.592   13.375   14.028
            0.000000  0.750000  0.750000
   -2.028   -1.024    1.903    3.779    7.410   10.336   13.673   14.221
            0.000000  0.712500  0.712500
   -2.216   -0.835    1.808    3.911    7.563   11.099   13.217   13.760
            0.000000  0.675000  0.675000
   -2.440   -0.619    1.787    4.058    7.733   11.854   12.777   13.355
            0.000000  0.637500  0.637500
   -2.693   -0.378    1.833    4.218    7.918   12.356   12.392   13.210
            0.000000  0.600000  0.600000
   -2.965   -0.111    1.939    4.389    8.114   11.955   12.258   13.057
            0.000000  0.562500  0.562500
   -3.246    0.181    2.096    4.568    8.317   11.576   11.919   12.765
            0.000000  0.525000  0.525000
   -3.529    0.498    2.297    4.753    8.522   11.219   11.568   12.505
            0.000000  0.487500  0.487500
   -3.806    0.839    2.535    4.939    8.720   10.885   11.231   12.283
            0.000000  0.450000  0.450000
   -4.074    1.205    2.804    5.124    8.901   10.575   10.912   12.105
            0.000000  0.412500  0.412500
   -4.328    1.593    3.100    5.302    9.055   10.288   10.614   11.978
            0.000000  0.375000  0.375000
   -4.566    2.004    3.418    5.470    9.169   10.026   10.337   11.904
            0.000000  0.337500  0.337500
   -4.786    2.437    3.754    5.624    9.239    9.788   10.082   11.873
            0.000000  0.300000  0.300000
   -4.985    2.889    4.102    5.761    9.265    9.574    9.847   11.857
            0.000000  0.262500  0.262500
   -5.163    3.360    4.457    5.878    9.255    9.386    9.633   11.798
            0.000000  0.225000  0.225000
   -5.319    3.845    4.812    5.975    9.220    9.222    9.439   11.617
            0.000000  0.187500  0.187500
   -5.452    4.339    5.158    6.053    9.083    9.169    9.263   11.274
            0.000000  0.150000  0.150000
   -5.562    4.834    5.482    6.112    8.969    9.107    9.108   10.817
            0.000000  0.112500  0.112500
   -5.648    5.315    5.769    6.155    8.881    8.972    9.035   10.336
            0.000000  0.075000  0.075000
   -5.709    5.749    6.000    6.184    8.818    8.864    8.941    9.920
            0.000000  0.037500  0.037500
   -5.746    6.078    6.152    6.200    8.780    8.793    8.828    9.652
            0.000000  0.000000  0.000000
   -5.758    6.206    6.206    6.206    8.767    8.767    8.767    9.565
