 &plot nbnd=  16, nks=   301 /
            0.000000  0.000000  0.000000
   -6.459   -3.689   -3.689   -3.689   -3.476   -3.476    4.354    4.354    4.354    4.922
    9.003    9.003    9.003   11.795   13.688   13.688
            0.016667 -0.009623  0.013608
   -6.458   -3.688   -3.688   -3.688   -3.476   -3.476    4.288    4.348    4.348    4.989
    8.988    9.013    9.013   11.816   13.609   13.690
            0.033333 -0.019245  0.027217
   -6.454   -3.687   -3.687   -3.685   -3.477   -3.476    4.141    4.328    4.328    5.140
    8.947    9.042    9.042   11.881   13.425   13.698
            0.050000 -0.028868  0.040825
   -6.448   -3.686   -3.686   -3.682   -3.477   -3.476    3.966    4.296    4.296    5.320
    8.882    9.091    9.091   11.982   13.197   13.711
            0.066667 -0.038490  0.054433
   -6.440   -3.683   -3.683   -3.676   -3.478   -3.475    3.780    4.253    4.253    5.511
    8.799    9.159    9.159   12.114   12.959   13.728
            0.083333 -0.048113  0.068041
   -6.429   -3.681   -3.681   -3.669   -3.479   -3.474    3.592    4.199    4.199    5.706
    8.702    9.243    9.243   12.259   12.735   13.751
            0.100000 -0.057735  0.081650
   -6.416   -3.677   -3.677   -3.661   -3.480   -3.474    3.403    4.137    4.137    5.900
    8.597    9.342    9.342   12.325   12.620   13.778
            0.116667 -0.067358  0.095258
   -6.401   -3.673   -3.673   -3.651   -3.481   -3.473    3.215    4.067    4.067    6.092
    8.488    9.456    9.456   12.174   12.754   13.811
            0.133333 -0.076980  0.108866
   -6.384   -3.668   -3.668   -3.639   -3.482   -3.472    3.029    3.991    3.991    6.279
    8.377    9.583    9.583   11.974   12.967   13.848
            0.150000 -0.086603  0.122474
   -6.366   -3.663   -3.663   -3.625   -3.482   -3.471    2.846    3.911    3.911    6.457
    8.267    9.721    9.721   11.781   13.206   13.890
            0.166667 -0.096225  0.136083
   -6.346   -3.658   -3.658   -3.611   -3.482   -3.470    2.665    3.828    3.828    6.625
    8.161    9.870    9.870   11.607   13.459   13.937
            0.183333 -0.105848  0.149691
   -6.325   -3.652   -3.652   -3.595   -3.481   -3.468    2.487    3.743    3.743    6.777
    8.060   10.027   10.027   11.456   13.723   13.989
            0.200000 -0.115470  0.163299
   -6.303   -3.645   -3.645   -3.580   -3.478   -3.467    2.312    3.656    3.656    6.912
    7.966   10.192   10.192   11.332   13.995   14.045
            0.216667 -0.125093  0.176908
   -6.280   -3.639   -3.639   -3.566   -3.472   -3.466    2.141    3.570    3.570    7.024
    7.882   10.364   10.364   11.239   14.106   14.274
            0.233333 -0.134715  0.190516
   -6.257   -3.632   -3.632   -3.554   -3.464   -3.460    1.974    3.485    3.485    7.108
    7.809   10.542   10.542   11.180   14.170   14.556
            0.250000 -0.144338  0.204124
   -6.234   -3.625   -3.625   -3.547   -3.463   -3.443    1.811    3.402    3.402    7.164
    7.747   10.726   10.726   11.156   14.239   14.839
            0.266667 -0.153960  0.217732
   -6.211   -3.618   -3.618   -3.543   -3.461   -3.421    1.653    3.321    3.321    7.190
    7.697   10.914   10.914   11.169   14.311   15.119
            0.283333 -0.163583  0.231341
   -6.188   -3.611   -3.611   -3.541   -3.460   -3.394    1.501    3.243    3.243    7.191
    7.654   11.106   11.106   11.217   14.387   15.392
            0.300000 -0.173205  0.244949
   -6.165   -3.604   -3.604   -3.541   -3.459   -3.364    1.354    3.169    3.169    7.175
    7.615   11.298   11.301   11.301   14.466   15.651
            0.316667 -0.182828  0.258557
   -6.144   -3.597   -3.597   -3.542   -3.457   -3.331    1.214    3.099    3.099    7.149
    7.573   11.407   11.498   11.498   14.547   15.890
            0.333333 -0.192450  0.272166
   -6.124   -3.591   -3.591   -3.543   -3.456   -3.298    1.081    3.034    3.034    7.119
    7.527   11.540   11.697   11.697   14.629   16.098
            0.350000 -0.202073  0.285774
   -6.105   -3.584   -3.584   -3.545   -3.455   -3.263    0.956    2.974    2.974    7.089
    7.478   11.691   11.896   11.896   14.712   16.262
            0.366667 -0.211695  0.299382
   -6.087   -3.579   -3.579   -3.547   -3.454   -3.229    0.841    2.920    2.920    7.062
    7.426   11.854   12.094   12.094   14.795   16.370
            0.383333 -0.221318  0.312990
   -6.071   -3.574   -3.574   -3.548   -3.453   -3.195    0.735    2.871    2.871    7.040
    7.372   12.025   12.289   12.289   14.876   16.412
            0.400000 -0.230940  0.326599
   -6.058   -3.569   -3.569   -3.550   -3.452   -3.163    0.640    2.828    2.828    7.023
    7.319   12.197   12.478   12.478   14.954   16.392
            0.416667 -0.240563  0.340207
   -6.045   -3.565   -3.565   -3.552   -3.451   -3.134    0.558    2.791    2.791    7.011
    7.269   12.364   12.658   12.658   15.026   16.324
            0.433333 -0.250185  0.353815
   -6.036   -3.561   -3.561   -3.553   -3.451   -3.109    0.488    2.761    2.761    7.005
    7.221   12.519   12.823   12.823   15.090   16.230
            0.450000 -0.259808  0.367423
   -6.028   -3.558   -3.558   -3.554   -3.450   -3.088    0.433    2.737    2.737    7.006
    7.179   12.653   12.967   12.967   15.144   16.129
            0.466667 -0.269430  0.381032
   -6.022   -3.557   -3.557   -3.555   -3.450   -3.072    0.393    2.720    2.720    7.011
    7.143   12.758   13.080   13.080   15.184   15.990
            0.483333 -0.279053  0.394640
   -6.019   -3.555   -3.555   -3.555   -3.450   -3.063    0.368    2.710    2.710    7.018
    7.117   12.826   13.154   13.154   15.210   15.901
            0.500000 -0.288675  0.408248
   -6.018   -3.556   -3.555   -3.555   -3.450   -3.060    0.360    2.706    2.706    7.022
    7.106   12.849   13.179   13.179   15.219   15.870
            0.500000 -0.279053  0.415052
   -6.018   -3.557   -3.555   -3.553   -3.450   -3.059    0.361    2.705    2.706    7.025
    7.109   12.838   13.169   13.187   15.219   15.832
            0.500000 -0.269430  0.421857
   -6.018   -3.559   -3.555   -3.552   -3.450   -3.059    0.361    2.701    2.703    7.033
    7.119   12.807   13.137   13.206   15.221   15.778
            0.500000 -0.259808  0.428661
   -6.018   -3.560   -3.556   -3.550   -3.450   -3.058    0.363    2.695    2.699    7.048
    7.134   12.760   13.087   13.232   15.223   15.730
            0.500000 -0.250185  0.435465
   -6.018   -3.562   -3.556   -3.548   -3.450   -3.057    0.365    2.687    2.693    7.067
    7.156   12.702   13.018   13.261   15.226   15.691
            0.500000 -0.240563  0.442269
   -6.018   -3.563   -3.557   -3.546   -3.451   -3.055    0.367    2.676    2.685    7.093
    7.184   12.637   12.934   13.291   15.230   15.659
            0.500000 -0.230940  0.449073
   -6.018   -3.565   -3.558   -3.544   -3.451   -3.053    0.370    2.664    2.677    7.123
    7.217   12.564   12.836   13.321   15.235   15.635
            0.500000 -0.221318  0.455877
   -6.018   -3.566   -3.559   -3.542   -3.451   -3.051    0.374    2.649    2.666    7.159
    7.257   12.487   12.727   13.349   15.239   15.617
            0.500000 -0.211695  0.462681
   -6.018   -3.567   -3.561   -3.540   -3.452   -3.049    0.377    2.633    2.655    7.199
    7.302   12.404   12.610   13.376   15.244   15.604
            0.500000 -0.202073  0.469486
   -6.018   -3.569   -3.562   -3.537   -3.453   -3.046    0.382    2.615    2.643    7.244
    7.352   12.318   12.484   13.401   15.250   15.596
            0.500000 -0.192450  0.476290
   -6.018   -3.570   -3.564   -3.535   -3.453   -3.043    0.387    2.596    2.630    7.293
    7.408   12.228   12.353   13.425   15.255   15.591
            0.500000 -0.182828  0.483094
   -6.018   -3.571   -3.566   -3.533   -3.454   -3.040    0.392    2.576    2.616    7.346
    7.469   12.135   12.218   13.447   15.260   15.590
            0.500000 -0.173205  0.489898
   -6.018   -3.572   -3.567   -3.531   -3.455   -3.037    0.397    2.555    2.602    7.403
    7.534   12.040   12.079   13.468   15.266   15.591
            0.500000 -0.163583  0.496702
   -6.018   -3.573   -3.569   -3.529   -3.456   -3.034    0.403    2.534    2.587    7.463
    7.605   11.937   11.943   13.487   15.271   15.595
            0.500000 -0.153960  0.503506
   -6.018   -3.574   -3.571   -3.526   -3.457   -3.030    0.408    2.512    2.572    7.525
    7.679   11.793   11.845   13.505   15.277   15.601
            0.500000 -0.144338  0.510310
   -6.018   -3.575   -3.572   -3.524   -3.458   -3.027    0.414    2.490    2.558    7.591
    7.759   11.649   11.746   13.522   15.282   15.608
            0.500000 -0.134715  0.517115
   -6.018   -3.576   -3.574   -3.522   -3.459   -3.024    0.421    2.469    2.543    7.658
    7.842   11.503   11.646   13.538   15.288   15.616
            0.500000 -0.125093  0.523919
   -6.018   -3.576   -3.576   -3.520   -3.460   -3.020    0.427    2.447    2.529    7.726
    7.929   11.358   11.547   13.553   15.293   15.625
            0.500000 -0.115470  0.530723
   -6.018   -3.578   -3.577   -3.517   -3.461   -3.017    0.433    2.426    2.515    7.795
    8.019   11.212   11.450   13.566   15.298   15.608
            0.500000 -0.105848  0.537527
   -6.018   -3.579   -3.578   -3.515   -3.463   -3.014    0.439    2.406    2.502    7.865
    8.113   11.068   11.354   13.579   15.303   15.592
            0.500000 -0.096225  0.544331
   -6.018   -3.581   -3.578   -3.513   -3.464   -3.011    0.444    2.387    2.489    7.933
    8.209   10.925   11.260   13.591   15.307   15.577
            0.500000 -0.086603  0.551135
   -6.019   -3.582   -3.579   -3.511   -3.465   -3.009    0.450    2.369    2.477    8.001
    8.308   10.784   11.170   13.601   15.312   15.563
            0.500000 -0.076980  0.557939
   -6.019   -3.583   -3.579   -3.509   -3.467   -3.006    0.455    2.353    2.467    8.066
    8.409   10.645   11.085   13.611   15.316   15.550
            0.500000 -0.067358  0.564743
   -6.019   -3.584   -3.580   -3.507   -3.468   -3.004    0.460    2.338    2.457    8.128
    8.511   10.509   11.005   13.619   15.319   15.538
            0.500000 -0.057735  0.571548
   -6.019   -3.585   -3.580   -3.505   -3.469   -3.002    0.464    2.325    2.448    8.186
    8.614   10.377   10.932   13.627   15.323   15.528
            0.500000 -0.048113  0.578352
   -6.019   -3.586   -3.580   -3.503   -3.470   -3.000    0.468    2.313    2.441    8.238
    8.716   10.251   10.866   13.633   15.325   15.519
            0.500000 -0.038490  0.585156
   -6.019   -3.587   -3.581   -3.502   -3.471   -2.999    0.471    2.304    2.435    8.283
    8.814   10.132   10.811   13.638   15.328   15.512
            0.500000 -0.028868  0.591960
   -6.019   -3.588   -3.581   -3.501   -3.472   -2.998    0.473    2.296    2.430    8.320
    8.906   10.025   10.765   13.642   15.330   15.506
            0.500000 -0.019245  0.598764
   -6.019   -3.588   -3.581   -3.500   -3.473   -2.997    0.475    2.291    2.426    8.347
    8.984    9.935   10.732   13.645   15.331   15.502
            0.500000 -0.009623  0.605568
   -6.019   -3.588   -3.581   -3.499   -3.473   -2.996    0.476    2.287    2.424    8.364
    9.039    9.873   10.711   13.647   15.332   15.499
            0.500000  0.000000  0.612372
   -6.019   -3.588   -3.581   -3.499   -3.474   -2.996    0.476    2.286    2.424    8.369
    9.059    9.851   10.704   13.648   15.332   15.498
            0.495833  0.007217  0.611964
   -6.019   -3.588   -3.581   -3.499   -3.474   -2.996    0.476    2.285    2.426    8.367
    9.055    9.856   10.708   13.644   15.325   15.497
            0.491667  0.014434  0.611556
   -6.019   -3.588   -3.581   -3.499   -3.474   -2.997    0.476    2.280    2.434    8.360
    9.043    9.870   10.718   13.633   15.302   15.497
            0.487500  0.021651  0.611148
   -6.019   -3.589   -3.581   -3.499   -3.473   -2.997    0.476    2.273    2.446    8.346
    9.026    9.894   10.733   13.615   15.263   15.506
            0.483333  0.028868  0.610739
   -6.019   -3.589   -3.581   -3.500   -3.473   -2.998    0.476    2.264    2.462    8.327
    9.004    9.927   10.753   13.589   15.214   15.524
            0.479167  0.036084  0.610331
   -6.020   -3.589   -3.581   -3.500   -3.473   -2.999    0.476    2.253    2.481    8.301
    8.982    9.967   10.777   13.558   15.157   15.550
            0.475000  0.043301  0.609923
   -6.020   -3.589   -3.581   -3.500   -3.473   -3.000    0.476    2.242    2.502    8.268
    8.960   10.012   10.805   13.520   15.097   15.583
            0.470833  0.050518  0.609515
   -6.020   -3.589   -3.581   -3.501   -3.472   -3.001    0.475    2.231    2.526    8.229
    8.940   10.063   10.836   13.476   15.033   15.621
            0.466667  0.057735  0.609106
   -6.021   -3.589   -3.581   -3.501   -3.472   -3.002    0.475    2.219    2.550    8.184
    8.923   10.117   10.870   13.427   14.967   15.663
            0.462500  0.064952  0.608698
   -6.021   -3.590   -3.581   -3.502   -3.471   -3.004    0.475    2.208    2.576    8.134
    8.908   10.175   10.906   13.373   14.901   15.708
            0.458333  0.072169  0.608290
   -6.022   -3.590   -3.580   -3.502   -3.471   -3.005    0.474    2.197    2.603    8.081
    8.896   10.236   10.944   13.316   14.834   15.757
            0.454167  0.079386  0.607882
   -6.022   -3.590   -3.580   -3.503   -3.470   -3.007    0.473    2.186    2.631    8.025
    8.886   10.299   10.984   13.254   14.766   15.807
            0.450000  0.086603  0.607473
   -6.022   -3.590   -3.580   -3.503   -3.470   -3.008    0.473    2.175    2.659    7.967
    8.878   10.364   11.025   13.189   14.699   15.859
            0.445833  0.093819  0.607065
   -6.023   -3.591   -3.580   -3.504   -3.469   -3.010    0.472    2.165    2.688    7.908
    8.872   10.430   11.067   13.121   14.633   15.911
            0.441667  0.101036  0.606657
   -6.023   -3.591   -3.579   -3.505   -3.469   -3.011    0.471    2.155    2.717    7.849
    8.868   10.499   11.110   13.051   14.567   15.964
            0.437500  0.108253  0.606249
   -6.024   -3.592   -3.579   -3.505   -3.468   -3.013    0.470    2.146    2.745    7.791
    8.864   10.569   11.153   12.978   14.502   16.016
            0.433333  0.115470  0.605840
   -6.024   -3.592   -3.579   -3.506   -3.468   -3.014    0.469    2.137    2.773    7.734
    8.861   10.640   11.197   12.904   14.438   16.067
            0.429167  0.122687  0.605432
   -6.025   -3.592   -3.579   -3.506   -3.467   -3.015    0.469    2.129    2.801    7.679
    8.860   10.712   11.240   12.827   14.377   16.117
            0.425000  0.129904  0.605024
   -6.025   -3.593   -3.578   -3.507   -3.467   -3.017    0.468    2.121    2.828    7.626
    8.858   10.785   11.282   12.749   14.317   16.165
            0.420833  0.137121  0.604616
   -6.026   -3.593   -3.578   -3.507   -3.466   -3.018    0.467    2.114    2.854    7.575
    8.858   10.858   11.323   12.670   14.259   16.210
            0.416667  0.144338  0.604207
   -6.026   -3.593   -3.578   -3.508   -3.466   -3.019    0.466    2.107    2.878    7.528
    8.858   10.933   11.363   12.590   14.205   16.252
            0.412500  0.151554  0.603799
   -6.027   -3.594   -3.577   -3.508   -3.466   -3.021    0.466    2.101    2.901    7.484
    8.858   11.008   11.401   12.508   14.153   16.290
            0.408333  0.158771  0.603391
   -6.027   -3.594   -3.577   -3.508   -3.465   -3.022    0.465    2.096    2.923    7.444
    8.859   11.084   11.436   12.427   14.105   16.325
            0.404167  0.165988  0.602983
   -6.027   -3.594   -3.577   -3.509   -3.465   -3.023    0.464    2.091    2.942    7.408
    8.859   11.160   11.469   12.344   14.061   16.356
            0.400000  0.173205  0.602574
   -6.028   -3.594   -3.577   -3.509   -3.465   -3.023    0.464    2.086    2.960    7.377
    8.861   11.235   11.499   12.262   14.021   16.383
            0.395833  0.180422  0.602166
   -6.028   -3.594   -3.577   -3.509   -3.465   -3.024    0.464    2.083    2.975    7.349
    8.862   11.310   11.525   12.180   13.986   16.406
            0.391667  0.187639  0.601758
   -6.028   -3.595   -3.577   -3.509   -3.465   -3.025    0.463    2.080    2.988    7.327
    8.864   11.384   11.548   12.100   13.957   16.424
            0.387500  0.194856  0.601350
   -6.028   -3.595   -3.577   -3.510   -3.464   -3.025    0.463    2.077    2.998    7.310
    8.866   11.455   11.567   12.021   13.933   16.439
            0.383333  0.202073  0.600941
   -6.028   -3.595   -3.577   -3.510   -3.464   -3.026    0.463    2.075    3.006    7.297
    8.868   11.517   11.584   11.949   13.914   16.449
            0.379167  0.209289  0.600533
   -6.029   -3.595   -3.577   -3.510   -3.464   -3.026    0.463    2.074    3.011    7.290
    8.871   11.557   11.605   11.890   13.902   16.456
            0.375000  0.216506  0.600125
   -6.029   -3.595   -3.577   -3.510   -3.464   -3.026    0.463    2.073    3.013    7.288
    8.874   11.567   11.617   11.863   13.897   16.459
            0.362500  0.209289  0.580121
   -6.033   -3.598   -3.581   -3.505   -3.467   -3.030    0.480    2.043    3.069    7.322
    9.070   11.441   11.543   11.671   13.709   16.510
            0.350000  0.202073  0.560117
   -6.038   -3.601   -3.585   -3.501   -3.469   -3.038    0.500    2.031    3.129    7.354
    9.228   11.271   11.400   11.664   13.526   16.492
            0.337500  0.194856  0.540112
   -6.044   -3.604   -3.590   -3.496   -3.471   -3.050    0.523    2.036    3.191    7.383
    9.342   11.106   11.193   11.793   13.350   16.410
            0.325000  0.187639  0.520108
   -6.052   -3.607   -3.594   -3.493   -3.473   -3.067    0.552    2.058    3.255    7.406
    9.415   10.948   10.986   11.994   13.181   16.287
            0.312500  0.180422  0.500104
   -6.061   -3.609   -3.599   -3.489   -3.475   -3.087    0.587    2.096    3.322    7.422
    9.457   10.782   10.796   12.252   13.021   16.142
            0.300000  0.173205  0.480100
   -6.071   -3.612   -3.604   -3.486   -3.477   -3.112    0.632    2.148    3.390    7.428
    9.480   10.584   10.652   12.552   12.871   15.987
            0.287500  0.165988  0.460096
   -6.083   -3.614   -3.609   -3.484   -3.478   -3.140    0.687    2.214    3.459    7.424
    9.496   10.394   10.515   12.731   12.879   15.830
            0.275000  0.158771  0.440092
   -6.097   -3.616   -3.614   -3.482   -3.480   -3.171    0.753    2.292    3.528    7.407
    9.512   10.211   10.385   12.604   13.215   15.670
            0.262500  0.151554  0.420087
   -6.112   -3.620   -3.619   -3.481   -3.481   -3.205    0.831    2.381    3.596    7.378
    9.534   10.038   10.261   12.489   13.539   15.497
            0.250000  0.144338  0.400083
   -6.128   -3.625   -3.621   -3.482   -3.480   -3.241    0.920    2.480    3.664    7.336
    9.560    9.877   10.145   12.388   13.820   15.291
            0.237500  0.137121  0.380079
   -6.146   -3.630   -3.624   -3.483   -3.480   -3.278    1.022    2.586    3.730    7.283
    9.579    9.741   10.035   12.303   14.005   15.061
            0.225000  0.129904  0.360075
   -6.165   -3.635   -3.627   -3.483   -3.480   -3.315    1.137    2.699    3.795    7.219
    9.524    9.695    9.931   12.232   14.049   14.837
            0.212500  0.122687  0.340071
   -6.185   -3.640   -3.630   -3.484   -3.481   -3.351    1.263    2.818    3.857    7.146
    9.407    9.727    9.834   12.179   13.957   14.639
            0.200000  0.115470  0.320067
   -6.206   -3.645   -3.634   -3.484   -3.483   -3.386    1.400    2.941    3.916    7.065
    9.288    9.742    9.771   12.143   13.782   14.463
            0.187500  0.108253  0.300062
   -6.228   -3.649   -3.637   -3.488   -3.484   -3.417    1.548    3.067    3.972    6.976
    9.179    9.656    9.812   12.125   13.578   14.296
            0.175000  0.101036  0.280058
   -6.250   -3.654   -3.641   -3.497   -3.484   -3.443    1.707    3.195    4.024    6.881
    9.082    9.575    9.843   12.125   13.379   14.129
            0.162500  0.093819  0.260054
   -6.273   -3.658   -3.646   -3.513   -3.483   -3.458    1.875    3.324    4.072    6.778
    8.999    9.499    9.856   12.145   13.205   13.957
            0.150000  0.086603  0.240050
   -6.295   -3.662   -3.650   -3.536   -3.483   -3.465    2.053    3.451    4.117    6.670
    8.931    9.428    9.847   12.183   13.067   13.779
            0.137500  0.079386  0.220046
   -6.318   -3.666   -3.655   -3.559   -3.482   -3.469    2.239    3.575    4.157    6.554
    8.878    9.363    9.812   12.240   12.973   13.594
            0.125000  0.072169  0.200042
   -6.339   -3.670   -3.659   -3.582   -3.482   -3.471    2.432    3.696    4.194    6.431
    8.840    9.302    9.751   12.317   12.920   13.405
            0.112500  0.064952  0.180037
   -6.360   -3.673   -3.664   -3.603   -3.481   -3.473    2.632    3.810    4.226    6.299
    8.818    9.247    9.668   12.411   12.895   13.225
            0.100000  0.057735  0.160033
   -6.379   -3.676   -3.668   -3.621   -3.480   -3.474    2.838    3.916    4.254    6.159
    8.812    9.197    9.570   12.523   12.840   13.110
            0.087500  0.050518  0.140029
   -6.397   -3.679   -3.673   -3.637   -3.479   -3.474    3.049    4.014    4.279    6.009
    8.819    9.152    9.464   12.652   12.689   13.122
            0.075000  0.043301  0.120025
   -6.412   -3.681   -3.676   -3.651   -3.479   -3.475    3.264    4.101    4.299    5.850
    8.840    9.113    9.358   12.502   12.797   13.200
            0.062500  0.036084  0.100021
   -6.426   -3.684   -3.680   -3.663   -3.478   -3.475    3.480    4.177    4.317    5.683
    8.869    9.080    9.259   12.315   12.956   13.303
            0.050000  0.028868  0.080017
   -6.438   -3.685   -3.683   -3.672   -3.477   -3.476    3.696    4.240    4.330    5.507
    8.905    9.052    9.171   12.145   13.126   13.414
            0.037500  0.021651  0.060012
   -6.447   -3.687   -3.685   -3.680   -3.477   -3.476    3.908    4.290    4.341    5.327
    8.941    9.031    9.099   12.000   13.304   13.519
            0.025000  0.014434  0.040008
   -6.454   -3.688   -3.687   -3.685   -3.477   -3.476    4.109    4.325    4.348    5.149
    8.973    9.015    9.046   11.889   13.478   13.608
            0.012500  0.007217  0.020004
   -6.458   -3.688   -3.688   -3.687   -3.476   -3.476    4.278    4.347    4.353    4.994
    8.995    9.006    9.014   11.819   13.624   13.667
            0.000000  0.000000  0.000000
   -6.459   -3.689   -3.689   -3.689   -3.476   -3.476    4.354    4.354    4.354    4.922
    9.003    9.003    9.003   11.795   13.688   13.688
            0.016667  0.009623  0.006804
   -6.458   -3.688   -3.688   -3.688   -3.476   -3.476    4.299    4.352    4.352    4.973
    8.999    9.007    9.007   11.811   13.658   13.658
            0.033333  0.019245  0.013608
   -6.456   -3.688   -3.688   -3.686   -3.476   -3.476    4.168    4.345    4.345    5.090
    8.989    9.018    9.018   11.859   13.582   13.582
            0.050000  0.028868  0.020412
   -6.451   -3.687   -3.687   -3.682   -3.476   -3.476    4.006    4.334    4.334    5.230
    8.975    9.037    9.037   11.937   13.482   13.482
            0.066667  0.038490  0.027217
   -6.445   -3.686   -3.686   -3.677   -3.477   -3.477    3.829    4.318    4.318    5.373
    8.960    9.063    9.063   12.041   13.374   13.374
            0.083333  0.048113  0.034021
   -6.437   -3.684   -3.684   -3.670   -3.477   -3.477    3.645    4.299    4.299    5.513
    8.948    9.095    9.095   12.165   13.266   13.266
            0.100000  0.057735  0.040825
   -6.427   -3.683   -3.683   -3.662   -3.477   -3.477    3.457    4.276    4.276    5.645
    8.943    9.133    9.133   12.303   13.164   13.164
            0.116667  0.067358  0.047629
   -6.416   -3.681   -3.681   -3.652   -3.477   -3.477    3.268    4.249    4.249    5.766
    8.948    9.175    9.175   12.447   13.070   13.070
            0.133333  0.076980  0.054433
   -6.403   -3.678   -3.678   -3.641   -3.477   -3.477    3.078    4.220    4.220    5.874
    8.967    9.220    9.220   12.584   12.987   12.987
            0.150000  0.086603  0.061237
   -6.389   -3.676   -3.676   -3.627   -3.477   -3.477    2.888    4.189    4.189    5.967
    9.003    9.267    9.267   12.702   12.917   12.917
            0.166667  0.096225  0.068041
   -6.374   -3.673   -3.673   -3.612   -3.477   -3.477    2.699    4.156    4.156    6.045
    9.058    9.315    9.315   12.786   12.860   12.860
            0.183333  0.105848  0.074846
   -6.358   -3.671   -3.671   -3.596   -3.477   -3.477    2.513    4.122    4.122    6.108
    9.131    9.362    9.362   12.818   12.818   12.827
            0.200000  0.115470  0.081650
   -6.342   -3.668   -3.668   -3.577   -3.477   -3.477    2.329    4.086    4.086    6.155
    9.224    9.407    9.407   12.792   12.792   12.830
            0.216667  0.125093  0.088454
   -6.324   -3.665   -3.665   -3.557   -3.477   -3.477    2.148    4.051    4.051    6.189
    9.334    9.448    9.448   12.784   12.784   12.804
            0.233333  0.134715  0.095258
   -6.307   -3.662   -3.662   -3.535   -3.476   -3.476    1.971    4.015    4.015    6.211
    9.462    9.485    9.485   12.762   12.794   12.794
            0.250000  0.144338  0.102062
   -6.289   -3.659   -3.659   -3.511   -3.476   -3.476    1.799    3.980    3.980    6.223
    9.517    9.517    9.603   12.712   12.822   12.822
            0.266667  0.153960  0.108866
   -6.271   -3.656   -3.656   -3.485   -3.476   -3.476    1.632    3.945    3.945    6.227
    9.544    9.544    9.757   12.659   12.869   12.869
            0.283333  0.163583  0.115670
   -6.254   -3.654   -3.654   -3.475   -3.475   -3.459    1.471    3.911    3.911    6.224
    9.565    9.565    9.920   12.607   12.934   12.934
            0.300000  0.173205  0.122474
   -6.237   -3.651   -3.651   -3.475   -3.475   -3.431    1.317    3.879    3.879    6.217
    9.580    9.580   10.089   12.560   13.017   13.017
            0.316667  0.182828  0.129279
   -6.220   -3.649   -3.649   -3.474   -3.474   -3.402    1.170    3.849    3.849    6.206
    9.590    9.590   10.262   12.520   13.117   13.117
            0.333333  0.192450  0.136083
   -6.204   -3.647   -3.647   -3.473   -3.473   -3.373    1.032    3.820    3.820    6.194
    9.596    9.596   10.436   12.489   13.233   13.233
            0.350000  0.202073  0.142887
   -6.190   -3.645   -3.645   -3.472   -3.472   -3.343    0.902    3.793    3.793    6.180
    9.599    9.599   10.605   12.471   13.363   13.363
            0.366667  0.211695  0.149691
   -6.176   -3.643   -3.643   -3.472   -3.472   -3.314    0.783    3.769    3.769    6.166
    9.598    9.598   10.767   12.466   13.506   13.506
            0.383333  0.221318  0.156495
   -6.164   -3.642   -3.642   -3.471   -3.471   -3.286    0.674    3.747    3.747    6.153
    9.596    9.596   10.916   12.479   13.660   13.660
            0.400000  0.230940  0.163299
   -6.153   -3.640   -3.640   -3.470   -3.470   -3.260    0.577    3.727    3.727    6.140
    9.592    9.592   11.047   12.511   13.822   13.823
            0.416667  0.240563  0.170103
   -6.143   -3.639   -3.639   -3.470   -3.470   -3.236    0.493    3.711    3.711    6.129
    9.587    9.587   11.155   12.561   13.990   13.990
            0.433333  0.250185  0.176908
   -6.135   -3.638   -3.638   -3.469   -3.469   -3.215    0.423    3.697    3.697    6.119
    9.583    9.583   11.240   12.625   14.160   14.160
            0.450000  0.259808  0.183712
   -6.129   -3.638   -3.638   -3.469   -3.469   -3.198    0.368    3.686    3.686    6.112
    9.579    9.579   11.302   12.696   14.323   14.323
            0.466667  0.269430  0.190516
   -6.125   -3.637   -3.637   -3.468   -3.468   -3.185    0.327    3.679    3.679    6.106
    9.576    9.576   11.343   12.761   14.468   14.468
            0.483333  0.279053  0.197320
   -6.122   -3.637   -3.637   -3.468   -3.468   -3.178    0.303    3.674    3.674    6.103
    9.574    9.574   11.367   12.808   14.574   14.574
            0.500000  0.288675  0.204124
   -6.121   -3.637   -3.637   -3.468   -3.468   -3.175    0.295    3.673    3.673    6.102
    9.574    9.574   11.374   12.824   14.614   14.614
            0.504167  0.276647  0.210928
   -6.121   -3.637   -3.636   -3.468   -3.468   -3.175    0.296    3.665    3.671    6.110
    9.569    9.577   11.377   12.826   14.606   14.608
            0.508333  0.264619  0.217732
   -6.120   -3.636   -3.636   -3.468   -3.468   -3.174    0.298    3.641    3.667    6.136
    9.553    9.588   11.383   12.833   14.581   14.592
            0.512500  0.252591  0.224537
   -6.119   -3.636   -3.635   -3.469   -3.468   -3.172    0.301    3.603    3.659    6.177
    9.529    9.606   11.392   12.844   14.537   14.565
            0.516667  0.240563  0.231341
   -6.118   -3.635   -3.635   -3.469   -3.468   -3.170    0.306    3.553    3.649    6.232
    9.498    9.632   11.401   12.861   14.474   14.531
            0.520833  0.228534  0.238145
   -6.116   -3.635   -3.634   -3.470   -3.468   -3.168    0.312    3.491    3.636    6.299
    9.461    9.664   11.407   12.886   14.396   14.490
            0.525000  0.216506  0.244949
   -6.114   -3.634   -3.632   -3.471   -3.468   -3.164    0.319    3.421    3.620    6.375
    9.420    9.703   11.408   12.918   14.309   14.445
            0.529167  0.204478  0.251753
   -6.111   -3.633   -3.631   -3.472   -3.468   -3.161    0.327    3.343    3.602    6.459
    9.377    9.749   11.401   12.958   14.221   14.396
            0.533333  0.192450  0.258557
   -6.108   -3.631   -3.629   -3.474   -3.468   -3.156    0.337    3.261    3.582    6.547
    9.333    9.801   11.385   13.001   14.140   14.345
            0.537500  0.180422  0.265361
   -6.105   -3.630   -3.627   -3.475   -3.469   -3.152    0.347    3.175    3.560    6.638
    9.292    9.859   11.360   13.041   14.074   14.292
            0.541667  0.168394  0.272166
   -6.101   -3.629   -3.625   -3.476   -3.469   -3.146    0.358    3.086    3.536    6.730
    9.253    9.923   11.326   13.071   14.034   14.240
            0.545833  0.156366  0.278970
   -6.098   -3.627   -3.622   -3.478   -3.469   -3.141    0.370    2.997    3.510    6.821
    9.219    9.993   11.285   13.080   14.029   14.188
            0.550000  0.144338  0.285774
   -6.093   -3.625   -3.620   -3.480   -3.469   -3.135    0.382    2.907    3.483    6.909
    9.191   10.068   11.238   13.063   14.066   14.137
            0.554167  0.132309  0.292578
   -6.089   -3.624   -3.617   -3.481   -3.469   -3.128    0.395    2.819    3.454    6.991
    9.170   10.147   11.187   13.021   14.088   14.142
            0.558333  0.120281  0.299382
   -6.085   -3.622   -3.615   -3.483   -3.469   -3.121    0.408    2.732    3.425    7.067
    9.156   10.231   11.134   12.960   14.041   14.250
            0.562500  0.108253  0.306186
   -6.080   -3.620   -3.612   -3.485   -3.469   -3.114    0.421    2.648    3.395    7.135
    9.150   10.319   11.081   12.886   13.996   14.382
            0.566667  0.096225  0.312990
   -6.076   -3.618   -3.609   -3.487   -3.469   -3.107    0.433    2.568    3.365    7.193
    9.151   10.411   11.031   12.805   13.955   14.533
            0.570833  0.084197  0.319794
   -6.071   -3.616   -3.606   -3.488   -3.469   -3.099    0.445    2.491    3.334    7.241
    9.159   10.505   10.986   12.721   13.916   14.697
            0.575000  0.072169  0.326599
   -6.067   -3.614   -3.603   -3.490   -3.469   -3.091    0.455    2.419    3.303    7.279
    9.170   10.603   10.950   12.636   13.882   14.873
            0.579167  0.060141  0.333403
   -6.062   -3.612   -3.600   -3.492   -3.469   -3.084    0.465    2.353    3.272    7.308
    9.182   10.702   10.924   12.551   13.851   15.057
            0.583333  0.048113  0.340207
   -6.058   -3.610   -3.597   -3.494   -3.468   -3.076    0.472    2.293    3.242    7.327
    9.192   10.802   10.913   12.467   13.825   15.246
            0.587500  0.036084  0.347011
   -6.053   -3.608   -3.594   -3.496   -3.468   -3.068    0.479    2.239    3.212    7.339
    9.195   10.903   10.920   12.385   13.805   15.439
            0.591667  0.024056  0.353815
   -6.049   -3.606   -3.592   -3.498   -3.468   -3.061    0.483    2.192    3.183    7.343
    9.189   10.946   11.004   12.305   13.790   15.634
            0.595833  0.012028  0.360619
   -6.045   -3.604   -3.589   -3.500   -3.468   -3.054    0.485    2.153    3.155    7.343
    9.172   10.992   11.104   12.228   13.782   15.825
            0.600000  0.000000  0.367423
   -6.042   -3.602   -3.586   -3.501   -3.467   -3.048    0.485    2.121    3.127    7.338
    9.143   11.058   11.202   12.155   13.781   16.007
            0.604167 -0.012028  0.374228
   -6.038   -3.601   -3.584   -3.503   -3.467   -3.042    0.483    2.097    3.101    7.331
    9.103   11.141   11.297   12.085   13.788   16.169
            0.608333 -0.024056  0.381032
   -6.035   -3.599   -3.582   -3.505   -3.466   -3.036    0.479    2.081    3.076    7.321
    9.053   11.239   11.388   12.020   13.804   16.300
            0.612500 -0.036084  0.387836
   -6.033   -3.598   -3.580   -3.507   -3.465   -3.032    0.474    2.073    3.052    7.310
    8.995   11.347   11.474   11.962   13.830   16.389
            0.616667 -0.048113  0.394640
   -6.030   -3.596   -3.578   -3.508   -3.465   -3.029    0.469    2.071    3.030    7.298
    8.929   11.456   11.554   11.916   13.866   16.436
            0.620833 -0.060141  0.401444
   -6.029   -3.595   -3.576   -3.510   -3.464   -3.026    0.463    2.077    3.010    7.285
    8.859   11.549   11.627   11.899   13.913   16.446
            0.625000 -0.072169  0.408248
   -6.027   -3.594   -3.575   -3.512   -3.463   -3.025    0.457    2.089    2.991    7.273
    8.786   11.595   11.692   11.938   13.972   16.426
            0.620833 -0.069763  0.415052
   -6.027   -3.594   -3.575   -3.512   -3.463   -3.025    0.457    2.089    2.990    7.276
    8.786   11.593   11.667   11.964   13.975   16.424
            0.616667 -0.067358  0.421857
   -6.027   -3.594   -3.575   -3.511   -3.464   -3.025    0.457    2.090    2.985    7.284
    8.786   11.583   11.610   12.022   13.984   16.417
            0.612500 -0.064952  0.428661
   -6.027   -3.594   -3.575   -3.511   -3.464   -3.024    0.458    2.091    2.979    7.297
    8.787   11.535   11.575   12.093   14.000   16.407
            0.608333 -0.062546  0.435465
   -6.027   -3.593   -3.575   -3.511   -3.464   -3.024    0.458    2.094    2.969    7.315
    8.788   11.460   11.556   12.169   14.021   16.392
            0.604167 -0.060141  0.442269
   -6.027   -3.593   -3.576   -3.511   -3.464   -3.023    0.458    2.096    2.957    7.338
    8.789   11.383   11.534   12.247   14.048   16.373
            0.600000 -0.057735  0.449073
   -6.026   -3.593   -3.576   -3.511   -3.464   -3.023    0.459    2.100    2.942    7.366
    8.791   11.304   11.507   12.326   14.081   16.350
            0.595833 -0.055329  0.455877
   -6.026   -3.593   -3.576   -3.510   -3.464   -3.022    0.460    2.103    2.926    7.398
    8.793   11.225   11.478   12.406   14.118   16.322
            0.591667 -0.052924  0.462681
   -6.026   -3.593   -3.576   -3.510   -3.465   -3.021    0.461    2.108    2.907    7.434
    8.795   11.146   11.444   12.485   14.159   16.291
            0.587500 -0.050518  0.469486
   -6.026   -3.593   -3.577   -3.509   -3.465   -3.020    0.462    2.113    2.886    7.475
    8.798   11.067   11.409   12.564   14.204   16.256
            0.583333 -0.048113  0.476290
   -6.025   -3.592   -3.577   -3.509   -3.465   -3.019    0.462    2.119    2.864    7.520
    8.801   10.989   11.370   12.642   14.253   16.218
            0.579167 -0.045707  0.483094
   -6.025   -3.592   -3.577   -3.508   -3.466   -3.018    0.463    2.125    2.840    7.567
    8.804   10.911   11.330   12.719   14.305   16.177
            0.575000 -0.043301  0.489898
   -6.025   -3.592   -3.578   -3.508   -3.466   -3.016    0.465    2.131    2.815    7.618
    8.808   10.834   11.289   12.795   14.360   16.133
            0.570833 -0.040896  0.496702
   -6.024   -3.592   -3.578   -3.507   -3.467   -3.015    0.466    2.139    2.789    7.672
    8.813   10.758   11.246   12.870   14.417   16.086
            0.566667 -0.038490  0.503506
   -6.024   -3.591   -3.578   -3.506   -3.467   -3.014    0.467    2.146    2.762    7.728
    8.818   10.683   11.202   12.943   14.477   16.038
            0.562500 -0.036084  0.510310
   -6.023   -3.591   -3.579   -3.506   -3.468   -3.012    0.468    2.155    2.735    7.786
    8.824   10.609   11.159   13.014   14.538   15.988
            0.558333 -0.033679  0.517115
   -6.023   -3.591   -3.579   -3.505   -3.468   -3.011    0.469    2.163    2.707    7.845
    8.830   10.536   11.115   13.084   14.600   15.938
            0.554167 -0.031273  0.523919
   -6.023   -3.590   -3.579   -3.505   -3.469   -3.009    0.470    2.173    2.679    7.904
    8.838   10.464   11.071   13.151   14.663   15.888
            0.550000 -0.028868  0.530723
   -6.022   -3.590   -3.580   -3.504   -3.469   -3.008    0.471    2.182    2.651    7.964
    8.848   10.394   11.029   13.215   14.727   15.837
            0.545833 -0.026462  0.537527
   -6.022   -3.590   -3.580   -3.503   -3.470   -3.006    0.472    2.192    2.624    8.022
    8.858   10.326   10.987   13.277   14.792   15.788
            0.541667 -0.024056  0.544331
   -6.021   -3.590   -3.580   -3.503   -3.471   -3.005    0.473    2.203    2.597    8.079
    8.871   10.260   10.946   13.335   14.857   15.740
            0.537500 -0.021651  0.551135
   -6.021   -3.589   -3.580   -3.502   -3.471   -3.003    0.474    2.213    2.570    8.133
    8.887   10.197   10.908   13.390   14.922   15.694
            0.533333 -0.019245  0.557939
   -6.020   -3.589   -3.581   -3.501   -3.472   -3.002    0.474    2.224    2.545    8.182
    8.905   10.136   10.871   13.441   14.986   15.651
            0.529167 -0.016839  0.564743
   -6.020   -3.589   -3.581   -3.501   -3.472   -3.001    0.475    2.235    2.521    8.228
    8.925   10.078   10.837   13.487   15.048   15.612
            0.525000 -0.014434  0.571548
   -6.020   -3.589   -3.581   -3.500   -3.472   -3.000    0.475    2.245    2.499    8.267
    8.948   10.025   10.806   13.528   15.110   15.576
            0.520833 -0.012028  0.578352
   -6.020   -3.589   -3.581   -3.500   -3.473   -2.999    0.476    2.256    2.478    8.300
    8.973    9.976   10.777   13.564   15.168   15.546
            0.516667 -0.009623  0.585156
   -6.019   -3.589   -3.581   -3.500   -3.473   -2.998    0.476    2.265    2.460    8.326
    8.998    9.933   10.753   13.593   15.221   15.522
            0.512500 -0.007217  0.591960
   -6.019   -3.589   -3.581   -3.499   -3.473   -2.997    0.476    2.274    2.445    8.346
    9.022    9.898   10.733   13.617   15.268   15.505
            0.508333 -0.004811  0.598764
   -6.019   -3.588   -3.581   -3.499   -3.474   -2.997    0.476    2.281    2.433    8.359
    9.041    9.872   10.718   13.634   15.304   15.497
            0.504167 -0.002406  0.605568
   -6.019   -3.588   -3.581   -3.499   -3.474   -2.996    0.476    2.285    2.426    8.367
    9.055    9.856   10.708   13.644   15.325   15.497
            0.500000  0.000000  0.612372
   -6.019   -3.588   -3.581   -3.499   -3.474   -2.996    0.476    2.286    2.424    8.369
    9.059    9.851   10.704   13.648   15.332   15.498
            0.500000  0.009623  0.598764
   -6.019   -3.589   -3.581   -3.499   -3.474   -2.997    0.477    2.275    2.440    8.362
    9.063    9.846   10.719   13.622   15.287   15.488
            0.500000  0.019245  0.585156
   -6.020   -3.589   -3.581   -3.499   -3.474   -2.999    0.479    2.250    2.478    8.342
    9.072    9.835   10.761   13.547   15.197   15.480
            0.500000  0.028868  0.571548
   -6.021   -3.590   -3.582   -3.499   -3.474   -3.002    0.482    2.224    2.527    8.309
    9.083    9.822   10.825   13.431   15.107   15.475
            0.500000  0.038490  0.557939
   -6.023   -3.592   -3.582   -3.498   -3.473   -3.006    0.486    2.201    2.581    8.267
    9.093    9.814   10.908   13.281   15.029   15.471
            0.500000  0.048113  0.544331
   -6.026   -3.593   -3.583   -3.498   -3.473   -3.011    0.489    2.185    2.638    8.217
    9.098    9.816   11.006   13.108   14.961   15.467
            0.500000  0.057735  0.530723
   -6.028   -3.595   -3.584   -3.498   -3.473   -3.018    0.493    2.176    2.698    8.161
    9.096    9.832   11.115   12.920   14.903   15.462
            0.500000  0.067358  0.517115
   -6.032   -3.597   -3.585   -3.497   -3.473   -3.025    0.496    2.176    2.760    8.099
    9.086    9.861   11.233   12.723   14.850   15.455
            0.500000  0.076980  0.503506
   -6.036   -3.599   -3.587   -3.496   -3.473   -3.032    0.497    2.184    2.822    8.032
    9.072    9.903   11.358   12.524   14.801   15.446
            0.500000  0.086603  0.489898
   -6.040   -3.601   -3.589   -3.495   -3.472   -3.041    0.497    2.202    2.884    7.961
    9.056    9.954   11.489   12.326   14.754   15.436
            0.500000  0.096225  0.476290
   -6.044   -3.603   -3.591   -3.494   -3.472   -3.050    0.494    2.230    2.947    7.885
    9.040   10.011   11.625   12.133   14.709   15.422
            0.500000  0.105848  0.462681
   -6.049   -3.606   -3.594   -3.493   -3.472   -3.059    0.489    2.268    3.008    7.804
    9.026   10.070   11.766   11.948   14.663   15.401
            0.500000  0.115470  0.449073
   -6.054   -3.608   -3.597   -3.492   -3.472   -3.068    0.482    2.315    3.069    7.719
    9.017   10.128   11.776   11.910   14.616   15.353
            0.500000  0.125093  0.435465
   -6.059   -3.611   -3.599   -3.491   -3.471   -3.077    0.473    2.371    3.128    7.629
    9.014   10.179   11.621   12.056   14.566   15.221
            0.500000  0.134715  0.421857
   -6.064   -3.613   -3.602   -3.489   -3.471   -3.087    0.462    2.436    3.186    7.535
    9.017   10.219   11.487   12.205   14.507   15.049
            0.500000  0.144338  0.408248
   -6.070   -3.615   -3.606   -3.487   -3.470   -3.096    0.450    2.509    3.241    7.436
    9.027   10.241   11.381   12.353   14.433   14.891
            0.500000  0.153960  0.394640
   -6.075   -3.618   -3.609   -3.486   -3.470   -3.105    0.436    2.589    3.294    7.334
    9.043   10.239   11.309   12.501   14.337   14.767
            0.500000  0.163583  0.381032
   -6.080   -3.620   -3.612   -3.484   -3.470   -3.114    0.421    2.675    3.344    7.227
    9.067   10.212   11.271   12.644   14.220   14.680
            0.500000  0.173205  0.367423
   -6.086   -3.622   -3.615   -3.482   -3.470   -3.122    0.406    2.767    3.391    7.118
    9.097   10.162   11.263   12.779   14.098   14.622
            0.500000  0.182828  0.353815
   -6.091   -3.624   -3.618   -3.480   -3.469   -3.130    0.392    2.862    3.435    7.006
    9.134   10.096   11.277   12.897   13.990   14.583
            0.500000  0.192450  0.340207
   -6.095   -3.626   -3.621   -3.478   -3.469   -3.137    0.377    2.961    3.475    6.893
    9.175   10.022   11.304   12.985   13.918   14.557
            0.500000  0.202073  0.326599
   -6.100   -3.628   -3.624   -3.477   -3.469   -3.144    0.363    3.060    3.512    6.779
    9.222    9.947   11.335   13.030   13.901   14.540
            0.500000  0.211695  0.312990
   -6.104   -3.630   -3.626   -3.475   -3.469   -3.150    0.350    3.160    3.546    6.667
    9.272    9.874   11.365   13.028   13.944   14.530
            0.500000  0.221318  0.299382
   -6.108   -3.631   -3.629   -3.474   -3.469   -3.156    0.338    3.258    3.575    6.558
    9.324    9.807   11.389   12.996   14.033   14.527
            0.500000  0.230940  0.285774
   -6.111   -3.633   -3.631   -3.472   -3.468   -3.161    0.327    3.351    3.601    6.454
    9.377    9.746   11.404   12.952   14.148   14.531
            0.500000  0.240563  0.272166
   -6.114   -3.634   -3.632   -3.471   -3.468   -3.165    0.317    3.438    3.623    6.358
    9.428    9.694   11.409   12.909   14.272   14.540
            0.500000  0.250185  0.258557
   -6.117   -3.635   -3.634   -3.470   -3.468   -3.169    0.309    3.516    3.641    6.272
    9.475    9.651   11.405   12.875   14.391   14.554
            0.500000  0.259808  0.244949
   -6.118   -3.636   -3.635   -3.469   -3.468   -3.171    0.303    3.581    3.655    6.201
    9.515    9.617   11.396   12.851   14.491   14.572
            0.500000  0.269430  0.231341
   -6.120   -3.636   -3.636   -3.468   -3.468   -3.173    0.298    3.631    3.665    6.147
    9.547    9.593   11.386   12.835   14.564   14.591
            0.500000  0.279053  0.217732
   -6.121   -3.636   -3.636   -3.468   -3.468   -3.175    0.296    3.662    3.671    6.113
    9.567    9.579   11.377   12.827   14.603   14.607
            0.500000  0.288675  0.204124
   -6.121   -3.637   -3.637   -3.468   -3.468   -3.175    0.295    3.673    3.673    6.102
    9.574    9.574   11.374   12.824   14.614   14.614
            0.495833  0.286270  0.217324
   -6.121   -3.637   -3.636   -3.468   -3.468   -3.175    0.295    3.665    3.671    6.110
    9.569    9.577   11.376   12.826   14.607   14.608
            0.491667  0.283864  0.230524
   -6.120   -3.636   -3.636   -3.468   -3.468   -3.174    0.297    3.643    3.667    6.134
    9.555    9.587   11.383   12.832   14.584   14.592
            0.487500  0.281458  0.243724
   -6.119   -3.636   -3.636   -3.469   -3.468   -3.172    0.301    3.607    3.660    6.173
    9.532    9.605   11.391   12.843   14.543   14.566
            0.483333  0.279053  0.256924
   -6.118   -3.635   -3.635   -3.469   -3.468   -3.171    0.305    3.558    3.650    6.226
    9.502    9.628   11.400   12.859   14.484   14.532
            0.479167  0.276647  0.270124
   -6.116   -3.635   -3.634   -3.470   -3.468   -3.168    0.311    3.499    3.638    6.289
    9.466    9.659   11.407   12.882   14.410   14.491
            0.475000  0.274241  0.283324
   -6.114   -3.634   -3.632   -3.471   -3.468   -3.165    0.318    3.432    3.623    6.362
    9.427    9.696   11.408   12.913   14.326   14.446
            0.470833  0.271836  0.296524
   -6.112   -3.633   -3.631   -3.472   -3.468   -3.161    0.326    3.358    3.607    6.443
    9.385    9.739   11.403   12.951   14.240   14.397
            0.466667  0.269430  0.309724
   -6.109   -3.632   -3.629   -3.473   -3.468   -3.157    0.335    3.278    3.587    6.528
    9.343    9.788   11.389   12.992   14.158   14.346
            0.462500  0.267024  0.322924
   -6.106   -3.630   -3.627   -3.475   -3.469   -3.153    0.345    3.195    3.566    6.616
    9.302    9.844   11.367   13.034   14.089   14.294
            0.458333  0.264619  0.336124
   -6.102   -3.629   -3.625   -3.476   -3.469   -3.148    0.355    3.109    3.543    6.706
    9.264    9.904   11.337   13.067   14.042   14.241
            0.454167  0.262213  0.349324
   -6.099   -3.628   -3.623   -3.477   -3.469   -3.142    0.367    3.022    3.519    6.795
    9.230    9.970   11.300   13.082   14.026   14.189
            0.450000  0.259808  0.362524
   -6.095   -3.626   -3.621   -3.479   -3.469   -3.137    0.379    2.935    3.493    6.881
    9.201   10.041   11.256   13.073   14.048   14.137
            0.445833  0.257402  0.375725
   -6.091   -3.624   -3.618   -3.481   -3.469   -3.130    0.391    2.848    3.466    6.963
    9.178   10.117   11.208   13.039   14.087   14.110
            0.441667  0.254996  0.388925
   -6.087   -3.623   -3.616   -3.482   -3.469   -3.124    0.403    2.762    3.438    7.040
    9.162   10.197   11.158   12.984   14.039   14.204
            0.437500  0.252591  0.402125
   -6.082   -3.621   -3.613   -3.484   -3.469   -3.117    0.416    2.679    3.410    7.109
    9.154   10.280   11.108   12.914   13.993   14.325
            0.433333  0.250185  0.415325
   -6.078   -3.619   -3.610   -3.486   -3.469   -3.110    0.428    2.599    3.380    7.170
    9.153   10.368   11.058   12.836   13.950   14.465
            0.429167  0.247779  0.428525
   -6.073   -3.617   -3.607   -3.487   -3.469   -3.103    0.440    2.522    3.351    7.221
    9.158   10.458   11.013   12.753   13.910   14.620
            0.425000  0.245374  0.441725
   -6.069   -3.615   -3.605   -3.489   -3.469   -3.095    0.451    2.450    3.321    7.263
    9.169   10.551   10.974   12.668   13.873   14.787
            0.420833  0.242968  0.454925
   -6.065   -3.613   -3.602   -3.491   -3.469   -3.088    0.461    2.383    3.291    7.296
    9.181   10.646   10.944   12.583   13.840   14.963
            0.416667  0.240563  0.468125
   -6.060   -3.611   -3.599   -3.493   -3.469   -3.080    0.469    2.320    3.262    7.319
    9.194   10.742   10.927   12.498   13.811   15.145
            0.412500  0.238157  0.481325
   -6.056   -3.609   -3.596   -3.495   -3.469   -3.073    0.476    2.264    3.233    7.335
    9.202   10.840   10.924   12.415   13.788   15.332
            0.408333  0.235751  0.494525
   -6.052   -3.607   -3.594   -3.496   -3.468   -3.065    0.481    2.214    3.204    7.343
    9.204   10.937   10.938   12.333   13.769   15.522
            0.404167  0.233346  0.507725
   -6.048   -3.606   -3.591   -3.498   -3.468   -3.058    0.485    2.172    3.177    7.346
    9.196   10.971   11.034   12.254   13.757   15.711
            0.400000  0.230940  0.520925
   -6.044   -3.604   -3.588   -3.500   -3.468   -3.052    0.486    2.136    3.150    7.345
    9.178   11.023   11.129   12.177   13.751   15.896
            0.395833  0.228534  0.534125
   -6.041   -3.602   -3.586   -3.501   -3.467   -3.046    0.486    2.107    3.124    7.339
    9.148   11.093   11.222   12.104   13.752   16.070
            0.391667  0.226129  0.547325
   -6.038   -3.601   -3.584   -3.503   -3.467   -3.040    0.483    2.086    3.099    7.331
    9.108   11.179   11.312   12.034   13.762   16.222
            0.387500  0.223723  0.560525
   -6.035   -3.599   -3.582   -3.505   -3.466   -3.035    0.480    2.073    3.075    7.322
    9.059   11.278   11.397   11.969   13.781   16.341
            0.383333  0.221318  0.573725
   -6.032   -3.598   -3.580   -3.506   -3.466   -3.031    0.475    2.066    3.053    7.311
    9.003   11.384   11.477   11.911   13.809   16.419
            0.379167  0.218912  0.586925
   -6.030   -3.596   -3.578   -3.508   -3.465   -3.028    0.469    2.066    3.032    7.299
    8.941   11.489   11.551   11.869   13.847   16.456
            0.375000  0.216506  0.600125
   -6.029   -3.595   -3.577   -3.510   -3.464   -3.026    0.463    2.073    3.013    7.288
    8.874   11.567   11.617   11.863   13.897   16.459
            0.379167  0.199667  0.593729
   -6.030   -3.596   -3.578   -3.508   -3.465   -3.027    0.469    2.063    3.025    7.309
    8.941   11.460   11.567   11.877   13.848   16.476
            0.383333  0.182828  0.587333
   -6.031   -3.597   -3.579   -3.506   -3.466   -3.027    0.475    2.056    3.027    7.351
    9.006   11.253   11.536   11.959   13.826   16.476
            0.387500  0.165988  0.580937
   -6.032   -3.598   -3.581   -3.504   -3.467   -3.028    0.481    2.054    3.019    7.411
    9.065   11.034   11.495   12.054   13.828   16.465
            0.391667  0.149149  0.574541
   -6.033   -3.598   -3.582   -3.503   -3.468   -3.028    0.487    2.056    3.001    7.489
    9.118   10.814   11.448   12.153   13.852   16.445
            0.395833  0.132309  0.568146
   -6.033   -3.599   -3.583   -3.501   -3.470   -3.029    0.494    2.062    2.977    7.581
    9.163   10.598   11.401   12.252   13.895   16.419
            0.400000  0.115470  0.561750
   -6.034   -3.599   -3.584   -3.499   -3.471   -3.029    0.500    2.072    2.946    7.683
    9.199   10.386   11.358   12.351   13.953   16.389
            0.404167  0.098631  0.555354
   -6.034   -3.599   -3.585   -3.498   -3.472   -3.029    0.506    2.086    2.912    7.791
    9.223   10.184   11.326   12.449   14.025   16.353
            0.408333  0.081791  0.548958
   -6.034   -3.598   -3.586   -3.497   -3.473   -3.030    0.511    2.103    2.874    7.899
    9.234    9.995   11.308   12.544   14.105   16.314
            0.412500  0.064952  0.542562
   -6.034   -3.598   -3.586   -3.497   -3.473   -3.030    0.515    2.123    2.836    7.999
    9.227    9.833   11.307   12.635   14.194   16.268
            0.416667  0.048113  0.536166
   -6.034   -3.597   -3.586   -3.497   -3.473   -3.031    0.517    2.147    2.798    8.081
    9.187    9.719   11.325   12.723   14.287   16.215
            0.420833  0.031273  0.529770
   -6.033   -3.596   -3.586   -3.498   -3.472   -3.032    0.519    2.174    2.761    8.137
    9.098    9.681   11.359   12.807   14.384   16.153
            0.425000  0.014434  0.523374
   -6.033   -3.595   -3.585   -3.500   -3.471   -3.032    0.518    2.203    2.728    8.160
    8.966    9.721   11.410   12.886   14.483   16.084
            0.429167 -0.002406  0.516978
   -6.032   -3.593   -3.585   -3.502   -3.470   -3.034    0.516    2.235    2.698    8.148
    8.812    9.821   11.476   12.961   14.582   16.008
            0.433333 -0.019245  0.510583
   -6.031   -3.591   -3.584   -3.505   -3.468   -3.035    0.512    2.269    2.672    8.107
    8.651    9.964   11.553   13.029   14.680   15.929
            0.437500 -0.036084  0.504187
   -6.030   -3.589   -3.583   -3.508   -3.466   -3.036    0.506    2.304    2.651    8.043
    8.490   10.137   11.639   13.092   14.777   15.849
            0.441667 -0.052924  0.497791
   -6.029   -3.586   -3.582   -3.511   -3.464   -3.038    0.498    2.341    2.635    7.962
    8.333   10.333   11.734   13.149   14.870   15.770
            0.445833 -0.069763  0.491395
   -6.028   -3.584   -3.581   -3.514   -3.463   -3.040    0.488    2.378    2.625    7.871
    8.182   10.545   11.835   13.200   14.961   15.694
            0.450000 -0.086603  0.484999
   -6.027   -3.581   -3.579   -3.518   -3.461   -3.042    0.477    2.416    2.619    7.775
    8.038   10.768   11.940   13.243   15.046   15.622
            0.454167 -0.103442  0.478603
   -6.026   -3.578   -3.577   -3.521   -3.459   -3.044    0.465    2.454    2.618    7.675
    7.902   11.000   12.048   13.279   15.127   15.557
            0.458333 -0.120281  0.472207
   -6.025   -3.576   -3.575   -3.524   -3.458   -3.046    0.451    2.491    2.621    7.577
    7.775   11.235   12.159   13.308   15.199   15.501
            0.462500 -0.137121  0.465811
   -6.023   -3.575   -3.572   -3.528   -3.456   -3.048    0.438    2.527    2.627    7.482
    7.656   11.472   12.272   13.328   15.259   15.459
            0.466667 -0.153960  0.459415
   -6.022   -3.573   -3.569   -3.531   -3.455   -3.050    0.424    2.561    2.636    7.392
    7.548   11.707   12.386   13.339   15.292   15.448
            0.470833 -0.170799  0.453020
   -6.021   -3.571   -3.566   -3.535   -3.454   -3.052    0.411    2.592    2.647    7.309
    7.450   11.934   12.502   13.341   15.289   15.476
            0.475000 -0.187639  0.446624
   -6.020   -3.569   -3.563   -3.538   -3.453   -3.054    0.399    2.621    2.659    7.235
    7.363   12.149   12.619   13.334   15.270   15.522
            0.479167 -0.204478  0.440228
   -6.020   -3.567   -3.561   -3.541   -3.452   -3.055    0.388    2.646    2.671    7.171
    7.287   12.344   12.740   13.317   15.251   15.572
            0.483333 -0.221318  0.433832
   -6.019   -3.565   -3.559   -3.544   -3.451   -3.057    0.378    2.667    2.682    7.118
    7.224   12.512   12.864   13.292   15.237   15.623
            0.487500 -0.238157  0.427436
   -6.018   -3.562   -3.557   -3.547   -3.450   -3.058    0.371    2.684    2.692    7.076
    7.173   12.648   12.983   13.260   15.227   15.675
            0.491667 -0.254996  0.421040
   -6.018   -3.560   -3.556   -3.550   -3.450   -3.059    0.365    2.696    2.700    7.046
    7.136   12.753   13.085   13.224   15.222   15.735
            0.495833 -0.271836  0.414644
   -6.018   -3.558   -3.555   -3.553   -3.450   -3.059    0.361    2.704    2.705    7.028
    7.114   12.823   13.155   13.193   15.219   15.807
            0.500000 -0.288675  0.408248
   -6.018   -3.556   -3.555   -3.555   -3.450   -3.060    0.360    2.706    2.706    7.022
    7.106   12.849   13.179   13.179   15.219   15.870
