 &plot nbnd= 156, nks=    31 /
            0.500000  0.500000  0.100000
   -8.941   -8.941   -8.939   -8.939   -8.939   -8.939   -8.938   -8.938   -8.937   -8.937
   -8.911   -8.911   -8.911   -8.911   -8.911   -8.911   -8.910   -8.910   -8.910   -8.910
   -8.877   -8.877   -8.876   -8.876   -8.876   -8.876   -8.876   -8.876   -8.876   -8.876
   -8.833   -8.833   -8.832   -8.832   -8.831   -8.831   -8.831   -8.831   -8.831   -8.831
   -8.831   -8.831   -8.831   -8.831   -8.831   -8.831   -8.830   -8.830   -8.829   -8.829
   -5.127   -5.127   -5.126   -5.126   -5.073   -5.073   -5.073   -5.073   -5.039   -5.039
   -4.886   -4.886   -4.886   -4.886   -4.827   -4.827   -4.827   -4.827   -4.790   -4.790
   -0.639   -0.639   -0.389   -0.389   -0.389   -0.389   -0.008   -0.008    0.138    0.138
    0.138    0.138    0.278    0.278    0.278    0.278    0.954    0.954    0.954    0.954
    2.903    2.903    2.903    2.903    2.909    2.909    2.909    2.909    4.014    4.014
    4.014    4.014    4.056    4.056    4.056    4.056    4.753    4.753    4.753    4.753
    4.781    4.781    4.781    4.781    4.783    4.783    4.797    4.797    4.797    4.797
    4.799    4.799    4.862    4.862    4.862    4.862    4.901    4.901    4.903    4.903
    6.888    6.888    7.769    7.769    7.769    7.769    7.900    7.900    8.520    8.520
    8.520    8.520    8.696    8.696    8.696    8.696    8.988    8.988    8.989    8.989
   10.256   10.256   10.256   10.256   10.299   10.299
            0.450000  0.450000  0.090000
   -8.941   -8.940   -8.939   -8.939   -8.939   -8.939   -8.938   -8.937   -8.937   -8.937
   -8.911   -8.911   -8.911   -8.911   -8.910   -8.910   -8.910   -8.910   -8.910   -8.909
   -8.876   -8.876   -8.876   -8.876   -8.876   -8.876   -8.876   -8.876   -8.876   -8.876
   -8.833   -8.833   -8.832   -8.832   -8.832   -8.831   -8.831   -8.831   -8.831   -8.831
   -8.831   -8.831   -8.831   -8.831   -8.831   -8.830   -8.830   -8.830   -8.830   -8.829
   -5.261   -5.254   -5.159   -5.145   -5.112   -5.109   -5.065   -5.060   -5.055   -5.023
   -4.875   -4.872   -4.819   -4.812   -4.811   -4.785   -4.782   -4.778   -4.772   -4.772
   -0.629   -0.578   -0.407   -0.398   -0.361   -0.359    0.007    0.048    0.064    0.104
    0.109    0.152    0.263    0.317    0.338    0.398    0.921    0.984    1.047    1.114
    2.582    2.662    2.865    2.880    2.951    2.952    3.202    3.286    3.681    3.809
    3.894    3.955    4.010    4.066    4.287    4.397    4.560    4.566    4.639    4.653
    4.655    4.664    4.672    4.678    4.683    4.688    4.691    4.696    4.727    4.762
    4.763    4.773    4.777    4.874    4.879    4.894    4.948    4.954    4.980    4.982
    6.967    7.105    7.653    7.771    7.820    7.935    7.969    8.058    8.527    8.597
    8.600    8.615    8.652    8.684    8.802    8.855    8.952    8.978    9.144    9.155
   10.155   10.163   10.250   10.274   10.277   10.301
            0.400000  0.400000  0.080000
   -8.941   -8.940   -8.940   -8.939   -8.939   -8.938   -8.938   -8.937   -8.937   -8.937
   -8.911   -8.911   -8.911   -8.911   -8.910   -8.909   -8.909   -8.909   -8.909   -8.908
   -8.877   -8.876   -8.876   -8.876   -8.876   -8.876   -8.876   -8.875   -8.875   -8.875
   -8.834   -8.834   -8.832   -8.832   -8.832   -8.832   -8.832   -8.832   -8.832   -8.832
   -8.831   -8.831   -8.831   -8.830   -8.830   -8.830   -8.830   -8.830   -8.829   -8.829
   -5.475   -5.457   -5.329   -5.286   -5.142   -5.066   -5.060   -5.017   -5.005   -4.977
   -4.869   -4.840   -4.833   -4.786   -4.774   -4.745   -4.744   -4.711   -4.620   -4.609
   -0.601   -0.412   -0.405   -0.346   -0.326   -0.303   -0.042    0.019    0.053    0.067
    0.143    0.214    0.273    0.377    0.539    0.678    0.888    1.003    1.317    1.458
    2.332    2.481    2.846    2.872    2.990    2.999    3.365    3.539    3.622    3.666
    3.707    3.766    3.831    3.936    4.193    4.271    4.345    4.363    4.403    4.405
    4.413    4.424    4.493    4.494    4.524    4.539    4.552    4.557    4.568    4.603
    4.670    4.712    4.731    4.772    4.808    4.868    5.024    5.061    5.163    5.176
    7.175    7.509    7.566    7.710    7.994    8.155    8.175    8.435    8.456    8.506
    8.585    8.660    8.794    8.835    8.936    8.949    8.981    9.148    9.517    9.566
   10.061   10.106   10.120   10.170   10.210   10.238
            0.350000  0.350000  0.070000
   -8.942   -8.941   -8.940   -8.939   -8.939   -8.938   -8.938   -8.937   -8.936   -8.936
   -8.913   -8.912   -8.912   -8.912   -8.912   -8.906   -8.906   -8.906   -8.906   -8.905
   -8.877   -8.877   -8.876   -8.876   -8.876   -8.874   -8.874   -8.874   -8.873   -8.873
   -8.835   -8.835   -8.834   -8.833   -8.833   -8.833   -8.833   -8.833   -8.832   -8.832
   -8.832   -8.832   -8.830   -8.830   -8.829   -8.829   -8.829   -8.829   -8.828   -8.828
   -5.692   -5.661   -5.522   -5.440   -5.257   -4.991   -4.981   -4.949   -4.944   -4.927
   -4.904   -4.781   -4.771   -4.752   -4.732   -4.714   -4.689   -4.662   -4.507   -4.472
   -0.561   -0.410   -0.294   -0.207   -0.204   -0.142   -0.106   -0.055    0.006    0.101
    0.126    0.306    0.449    0.478    0.836    0.851    0.995    1.073    1.679    1.894
    2.189    2.381    2.853    2.887    3.000    3.020    3.106    3.353    3.482    3.486
    3.486    3.639    3.659    3.815    3.905    4.076    4.101    4.130    4.135    4.138
    4.151    4.171    4.293    4.315    4.353    4.361    4.380    4.402    4.457    4.520
    4.596    4.616    4.731    4.817    4.831    4.985    5.058    5.153    5.316    5.353
    7.451    7.456    7.657    8.056    8.125    8.251    8.264    8.318    8.408    8.619
    8.620    8.658    8.813    8.856    8.861    8.877    8.958    9.125    9.359    9.555
   10.052   10.083   10.145   10.305   10.309   10.321
            0.300000  0.300000  0.060000
   -8.944   -8.943   -8.942   -8.940   -8.940   -8.938   -8.937   -8.936   -8.935   -8.935
   -8.915   -8.915   -8.915   -8.915   -8.914   -8.902   -8.902   -8.902   -8.902   -8.901
   -8.877   -8.877   -8.877   -8.876   -8.876   -8.871   -8.871   -8.871   -8.871   -8.870
   -8.837   -8.837   -8.836   -8.835   -8.835   -8.835   -8.835   -8.835   -8.834   -8.834
   -8.831   -8.831   -8.830   -8.829   -8.828   -8.827   -8.827   -8.827   -8.827   -8.826
   -5.897   -5.850   -5.715   -5.590   -5.395   -5.038   -4.889   -4.877   -4.846   -4.825
   -4.805   -4.805   -4.703   -4.690   -4.659   -4.639   -4.637   -4.617   -4.444   -4.372
   -0.518   -0.409   -0.283   -0.114   -0.110   -0.080   -0.070    0.012    0.014    0.178
    0.219    0.355    0.519    0.802    0.827    0.944    1.200    1.548    2.075    2.095
    2.400    2.466    2.888    2.927    2.928    2.949    2.986    3.022    3.087    3.157
    3.167    3.268    3.357    3.397    3.778    3.823    3.914    3.917    3.947    3.996
    4.123    4.139    4.153    4.174    4.237    4.273    4.288    4.294    4.316    4.361
    4.499    4.599    4.658    4.788    5.051    5.062    5.107    5.227    5.432    5.506
    7.549    7.648    7.764    8.067    8.123    8.141    8.193    8.408    8.471    8.473
    8.503    8.611    8.643    8.745    8.745    8.753    8.847    8.885    9.083    9.206
    9.716   10.028   10.129   10.236   10.246   10.340
            0.250000  0.250000  0.050000
   -8.946   -8.945   -8.944   -8.943   -8.942   -8.937   -8.936   -8.935   -8.934   -8.934
   -8.919   -8.918   -8.918   -8.918   -8.918   -8.897   -8.897   -8.897   -8.897   -8.897
   -8.877   -8.877   -8.877   -8.877   -8.877   -8.867   -8.867   -8.867   -8.867   -8.866
   -8.839   -8.839   -8.838   -8.837   -8.837   -8.837   -8.837   -8.837   -8.836   -8.836
   -8.831   -8.830   -8.829   -8.829   -8.827   -8.826   -8.826   -8.826   -8.826   -8.825
   -6.080   -6.017   -5.896   -5.725   -5.539   -5.123   -4.888   -4.766   -4.752   -4.728
   -4.703   -4.688   -4.635   -4.611   -4.597   -4.573   -4.548   -4.533   -4.427   -4.308
   -0.488   -0.421   -0.311   -0.199   -0.159   -0.130   -0.081    0.071    0.289    0.320
    0.411    0.520    0.565    0.730    0.839    1.241    1.607    2.075    2.185    2.353
    2.682    2.728    2.735    2.752    2.846    2.857    2.888    2.901    2.917    2.950
    2.953    2.992    3.034    3.378    3.557    3.615    3.777    3.791    3.797    3.844
    3.966    3.974    3.980    4.001    4.053    4.070    4.079    4.080    4.160    4.375
    4.601    4.673    4.746    5.012    5.018    5.098    5.266    5.286    5.508    5.634
    7.692    7.788    7.891    7.939    7.975    8.017    8.052    8.275    8.308    8.329
    8.368    8.470    8.508    8.584    8.605    8.619    8.775    8.775    8.840    9.176
    9.406    9.826    9.873   10.130   10.136   10.152
            0.200000  0.200000  0.040000
   -8.949   -8.948   -8.947   -8.946   -8.945   -8.936   -8.935   -8.934   -8.933   -8.933
   -8.923   -8.923   -8.922   -8.922   -8.922   -8.892   -8.892   -8.891   -8.891   -8.891
   -8.878   -8.878   -8.877   -8.877   -8.877   -8.862   -8.862   -8.862   -8.862   -8.861
   -8.841   -8.841   -8.839   -8.839   -8.839   -8.839   -8.839   -8.838   -8.838   -8.838
   -8.830   -8.830   -8.829   -8.828   -8.827   -8.825   -8.825   -8.825   -8.824   -8.824
   -6.236   -6.157   -6.055   -5.838   -5.676   -5.196   -4.985   -4.642   -4.631   -4.615
   -4.597   -4.571   -4.560   -4.513   -4.497   -4.480   -4.454   -4.446   -4.443   -4.275
   -0.487   -0.458   -0.392   -0.350   -0.315   -0.210   -0.030    0.182    0.412    0.457
    0.563    0.580    0.630    0.688    0.844    1.696    2.035    2.386    2.430    2.461
    2.570    2.593    2.605    2.633    2.641    2.711    2.753    2.821    2.944    3.046
    3.074    3.154    3.424    3.433    3.485    3.632    3.652    3.712    3.717    3.720
    3.771    3.793    3.805    3.809    3.817    3.819    3.828    3.868    4.067    4.254
    4.572    4.712    4.954    5.011    5.040    5.332    5.365    5.414    5.547    5.734
    7.729    7.753    7.755    7.774    7.842    7.942    8.036    8.161    8.193    8.199
    8.243    8.273    8.317    8.421    8.428    8.604    8.638    8.814    8.910    8.984
    9.341    9.444    9.496    9.751    9.927    9.941
            0.150000  0.150000  0.030000
   -8.952   -8.951   -8.950   -8.949   -8.948   -8.934   -8.934   -8.933   -8.933   -8.932
   -8.927   -8.926   -8.926   -8.926   -8.925   -8.887   -8.886   -8.886   -8.886   -8.886
   -8.878   -8.878   -8.878   -8.877   -8.877   -8.858   -8.858   -8.858   -8.858   -8.857
   -8.842   -8.842   -8.841   -8.841   -8.840   -8.840   -8.840   -8.840   -8.839   -8.839
   -8.829   -8.829   -8.828   -8.828   -8.826   -8.824   -8.824   -8.823   -8.823   -8.822
   -6.360   -6.266   -6.187   -5.925   -5.797   -5.252   -5.081   -4.649   -4.495   -4.486
   -4.479   -4.467   -4.440   -4.433   -4.416   -4.401   -4.390   -4.364   -4.357   -4.262
   -0.526   -0.524   -0.518   -0.518   -0.517   -0.262    0.025    0.241    0.472    0.481
    0.505    0.512    0.519    0.850    1.108    2.159    2.266    2.315    2.444    2.451
    2.477    2.559    2.665    2.674    2.720    2.798    2.845    2.966    3.155    3.166
    3.332    3.365    3.420    3.455    3.501    3.504    3.517    3.543    3.557    3.617
    3.619    3.619    3.623    3.632    3.654    3.706    3.833    3.997    4.146    4.300
    4.577    4.689    4.886    4.900    5.362    5.372    5.501    5.555    5.586    5.810
    7.589    7.623    7.627    7.652    7.734    7.780    7.843    7.980    8.088    8.149
    8.157    8.159    8.191    8.236    8.285    8.668    8.760    8.835    8.936    9.033
    9.068    9.073    9.160    9.209    9.329    9.542
            0.100000  0.100000  0.020000
   -8.954   -8.954   -8.952   -8.951   -8.950   -8.934   -8.933   -8.932   -8.932   -8.931
   -8.930   -8.930   -8.929   -8.929   -8.928   -8.882   -8.882   -8.882   -8.881   -8.881
   -8.878   -8.878   -8.878   -8.877   -8.877   -8.854   -8.854   -8.854   -8.854   -8.853
   -8.843   -8.843   -8.842   -8.842   -8.842   -8.842   -8.842   -8.841   -8.841   -8.840
   -8.828   -8.828   -8.827   -8.827   -8.825   -8.822   -8.822   -8.822   -8.822   -8.821
   -6.451   -6.341   -6.287   -5.982   -5.894   -5.285   -5.166   -4.649   -4.533   -4.375
   -4.360   -4.353   -4.335   -4.327   -4.323   -4.320   -4.314   -4.289   -4.285   -4.261
   -0.703   -0.671   -0.657   -0.603   -0.594   -0.307    0.077    0.248    0.365    0.401
    0.417    0.477    0.487    1.072    1.279    2.243    2.289    2.403    2.441    2.584
    2.639    2.740    2.758    2.810    2.844    2.993    3.149    3.149    3.191    3.210
    3.224    3.249    3.254    3.260    3.352    3.395    3.420    3.432    3.451    3.460
    3.482    3.553    3.612    3.724    3.870    3.870    3.954    4.057    4.125    4.615
    4.681    4.807    4.820    4.956    5.409    5.527    5.542    5.614    5.646    5.860
    7.405    7.454    7.531    7.565    7.597    7.611    7.766    7.799    7.801    7.928
    7.953    8.049    8.127    8.164    8.340    8.501    8.627    8.665    8.690    8.759
    8.791    8.838    8.988    8.993    9.225    9.275
            0.050000  0.050000  0.010000
   -8.956   -8.955   -8.953   -8.953   -8.951   -8.933   -8.933   -8.932   -8.932   -8.932
   -8.931   -8.931   -8.931   -8.931   -8.930   -8.879   -8.879   -8.879   -8.879   -8.878
   -8.878   -8.878   -8.878   -8.878   -8.877   -8.852   -8.852   -8.852   -8.852   -8.851
   -8.844   -8.844   -8.843   -8.843   -8.843   -8.843   -8.842   -8.842   -8.842   -8.841
   -8.828   -8.828   -8.827   -8.826   -8.825   -8.822   -8.822   -8.822   -8.822   -8.821
   -6.507   -6.382   -6.354   -6.008   -5.963   -5.293   -5.232   -4.638   -4.578   -4.291
   -4.280   -4.276   -4.273   -4.265   -4.262   -4.262   -4.248   -4.246   -4.238   -4.237
   -0.833   -0.778   -0.767   -0.667   -0.659   -0.337    0.128    0.221    0.259    0.325
    0.338    0.463    0.473    1.233    1.348    2.332    2.360    2.496    2.521    2.796
    2.857    2.883    2.897    2.906    2.912    2.939    2.949    2.962    3.040    3.223
    3.257    3.260    3.268    3.301    3.319    3.336    3.358    3.381    3.391    3.405
    3.438    3.518    3.549    3.875    3.933    3.938    3.990    4.348    4.494    4.671
    4.690    4.751    4.762    5.446    5.499    5.516    5.563    5.572    5.769    5.888
    7.146    7.297    7.371    7.385    7.403    7.480    7.523    7.768    7.786    7.815
    7.907    7.975    8.099    8.137    8.140    8.230    8.350    8.433    8.505    8.519
    8.581    8.611    8.647    9.031    9.076    9.115
            0.000000  0.000000  0.000000
   -8.956   -8.956   -8.954   -8.953   -8.952   -8.933   -8.933   -8.933   -8.933   -8.931
   -8.931   -8.931   -8.931   -8.931   -8.931   -8.878   -8.878   -8.878   -8.878   -8.878
   -8.878   -8.878   -8.878   -8.877   -8.877   -8.852   -8.851   -8.851   -8.851   -8.850
   -8.845   -8.844   -8.843   -8.843   -8.843   -8.843   -8.843   -8.843   -8.842   -8.842
   -8.828   -8.828   -8.827   -8.826   -8.825   -8.822   -8.822   -8.822   -8.821   -8.821
   -6.525   -6.386   -6.386   -6.002   -6.002   -5.276   -5.275   -4.615   -4.615   -4.263
   -4.261   -4.261   -4.245   -4.245   -4.245   -4.245   -4.220   -4.220   -4.220   -4.220
   -0.880   -0.813   -0.813   -0.689   -0.689   -0.348    0.178    0.178    0.220    0.302
    0.302    0.460    0.460    1.327    1.328    2.430    2.430    2.651    2.651    2.746
    2.746    2.747    2.747    2.950    2.950    3.079    3.079    3.094    3.094    3.094
    3.094    3.097    3.097    3.342    3.362    3.362    3.364    3.364    3.393    3.517
    3.517    3.517    3.517    3.950    3.950    3.950    3.950    4.608    4.608    4.718
    4.718    4.718    4.718    5.482    5.482    5.482    5.482    5.816    5.898    5.898
    6.892    7.295    7.295    7.318    7.323    7.323    7.437    7.695    7.695    8.018
    8.054    8.054    8.054    8.054    8.128    8.128    8.134    8.134    8.366    8.513
    8.513    8.550    8.550    9.007    9.007    9.034
            0.050000  0.000000  0.010000
   -8.956   -8.956   -8.954   -8.953   -8.952   -8.933   -8.933   -8.933   -8.932   -8.932
   -8.931   -8.931   -8.931   -8.931   -8.930   -8.879   -8.879   -8.878   -8.878   -8.878
   -8.878   -8.878   -8.878   -8.878   -8.877   -8.852   -8.852   -8.852   -8.852   -8.851
   -8.845   -8.844   -8.843   -8.843   -8.843   -8.843   -8.843   -8.843   -8.842   -8.841
   -8.828   -8.828   -8.827   -8.826   -8.825   -8.822   -8.822   -8.822   -8.821   -8.821
   -6.516   -6.391   -6.363   -6.016   -5.971   -5.300   -5.238   -4.642   -4.581   -4.287
   -4.270   -4.267   -4.263   -4.259   -4.247   -4.245   -4.238   -4.235   -4.227   -4.226
   -0.857   -0.798   -0.787   -0.680   -0.672   -0.342    0.130    0.224    0.240    0.310
    0.324    0.459    0.470    1.250    1.368    2.361    2.389    2.546    2.576    2.804
    2.817    2.820    2.876    2.876    2.902    2.962    3.006    3.060    3.094    3.102
    3.141    3.236    3.272    3.320    3.338    3.343    3.343    3.373    3.395    3.471
    3.491    3.501    3.523    3.890    3.938    3.943    3.994    4.437    4.588    4.646
    4.716    4.718    4.791    5.413    5.484    5.506    5.578    5.722    5.802    5.866
    7.045    7.279    7.330    7.362    7.373    7.413    7.483    7.723    7.770    7.838
    7.961    7.998    8.078    8.112    8.132    8.202    8.236    8.385    8.400    8.506
    8.533    8.601    8.611    8.996    9.027    9.082
            0.100000  0.000000  0.020000
   -8.955   -8.955   -8.953   -8.952   -8.951   -8.933   -8.933   -8.932   -8.932   -8.932
   -8.931   -8.931   -8.930   -8.930   -8.929   -8.880   -8.880   -8.880   -8.879   -8.879
   -8.879   -8.878   -8.878   -8.878   -8.877   -8.853   -8.853   -8.853   -8.853   -8.852
   -8.844   -8.844   -8.843   -8.842   -8.842   -8.842   -8.842   -8.842   -8.841   -8.841
   -8.828   -8.828   -8.827   -8.827   -8.825   -8.822   -8.822   -8.822   -8.822   -8.821
   -6.488   -6.377   -6.322   -6.015   -5.925   -5.310   -5.189   -4.662   -4.543   -4.362
   -4.341   -4.332   -4.289   -4.280   -4.263   -4.256   -4.250   -4.248   -4.246   -4.245
   -0.791   -0.745   -0.725   -0.644   -0.630   -0.324    0.083    0.264    0.300    0.351
    0.374    0.471    0.488    1.144    1.367    2.255    2.291    2.452    2.527    2.618
    2.736    2.772    2.952    2.966    2.973    3.018    3.074    3.093    3.133    3.156
    3.221    3.221    3.265    3.286    3.313    3.369    3.391    3.402    3.413    3.425
    3.431    3.444    3.516    3.769    3.874    3.943    4.069    4.148    4.428    4.508
    4.653    4.764    4.930    5.280    5.376    5.424    5.589    5.716    5.731    5.775
    7.279    7.357    7.464    7.502    7.523    7.579    7.619    7.661    7.847    7.864
    7.940    7.967    8.137    8.232    8.251    8.323    8.363    8.506    8.534    8.655
    8.658    8.690    8.786    9.050    9.069    9.127
            0.150000  0.000000  0.030000
   -8.954   -8.953   -8.952   -8.951   -8.950   -8.933   -8.933   -8.932   -8.931   -8.930
   -8.930   -8.930   -8.929   -8.929   -8.928   -8.882   -8.882   -8.882   -8.881   -8.881
   -8.879   -8.879   -8.878   -8.878   -8.878   -8.855   -8.855   -8.854   -8.854   -8.854
   -8.843   -8.843   -8.842   -8.842   -8.842   -8.842   -8.841   -8.841   -8.841   -8.840
   -8.829   -8.828   -8.827   -8.827   -8.826   -8.823   -8.822   -8.822   -8.822   -8.821
   -6.441   -6.344   -6.264   -5.996   -5.865   -5.306   -5.128   -4.675   -4.502   -4.478
   -4.452   -4.431   -4.373   -4.350   -4.283   -4.271   -4.263   -4.255   -4.253   -4.251
   -0.695   -0.663   -0.639   -0.582   -0.567   -0.296    0.040    0.295    0.402    0.431
    0.451    0.500    0.513    1.016    1.324    2.172    2.194    2.389    2.431    2.528
    2.541    2.601    2.880    2.962    3.073    3.146    3.151    3.154    3.154    3.205
    3.226    3.248    3.266    3.295    3.303    3.321    3.378    3.381    3.449    3.453
    3.499    3.535    3.538    3.601    3.756    3.823    3.953    4.171    4.204    4.321
    4.539    4.837    4.972    5.096    5.105    5.315    5.618    5.638    5.660    5.784
    7.312    7.585    7.677    7.684    7.699    7.762    7.812    7.822    7.844    7.964
    8.049    8.185    8.209    8.355    8.463    8.479    8.515    8.678    8.687    8.736
    8.839    8.874    8.889    9.020    9.173    9.248
            0.200000  0.000000  0.040000
   -8.952   -8.951   -8.950   -8.949   -8.948   -8.933   -8.933   -8.932   -8.931   -8.931
   -8.928   -8.928   -8.927   -8.927   -8.926   -8.885   -8.885   -8.884   -8.884   -8.884
   -8.879   -8.879   -8.879   -8.878   -8.878   -8.857   -8.857   -8.857   -8.857   -8.856
   -8.843   -8.842   -8.841   -8.841   -8.841   -8.841   -8.841   -8.840   -8.840   -8.839
   -8.829   -8.829   -8.828   -8.828   -8.826   -8.823   -8.823   -8.823   -8.823   -8.822
   -6.375   -6.294   -6.188   -5.961   -5.791   -5.287   -5.058   -4.680   -4.624   -4.593
   -4.556   -4.485   -4.459   -4.440   -4.336   -4.305   -4.269   -4.262   -4.255   -4.245
   -0.588   -0.564   -0.538   -0.500   -0.485   -0.261    0.003    0.312    0.547    0.550
    0.551    0.553    0.553    0.876    1.243    2.118    2.130    2.274    2.295    2.354
    2.484    2.568    2.706    2.902    2.971    3.019    3.060    3.113    3.147    3.208
    3.238    3.300    3.348    3.378    3.387    3.402    3.403    3.438    3.509    3.517
    3.529    3.568    3.577    3.607    3.623    3.668    3.949    3.960    4.092    4.301
    4.392    4.552    4.877    4.911    5.173    5.274    5.450    5.488    5.683    5.734
    7.375    7.614    7.815    7.888    7.972    8.000    8.041    8.046    8.116    8.149
    8.297    8.369    8.465    8.474    8.500    8.596    8.614    8.845    8.926    8.953
    9.085    9.090    9.105    9.107    9.161    9.372
            0.250000  0.000000  0.050000
   -8.950   -8.949   -8.948   -8.947   -8.946   -8.933   -8.933   -8.932   -8.931   -8.931
   -8.926   -8.926   -8.925   -8.925   -8.924   -8.888   -8.888   -8.887   -8.887   -8.887
   -8.879   -8.879   -8.879   -8.878   -8.878   -8.860   -8.860   -8.860   -8.860   -8.859
   -8.842   -8.841   -8.840   -8.840   -8.840   -8.840   -8.839   -8.839   -8.838   -8.838
   -8.830   -8.830   -8.829   -8.828   -8.827   -8.824   -8.824   -8.824   -8.824   -8.823
   -6.292   -6.226   -6.095   -5.910   -5.704   -5.253   -4.980   -4.788   -4.756   -4.697
   -4.677   -4.619   -4.543   -4.416   -4.404   -4.344   -4.291   -4.261   -4.256   -4.240
   -0.481   -0.463   -0.434   -0.404   -0.386   -0.222   -0.027    0.312    0.591    0.627
    0.678    0.721    0.730    0.745    1.130    2.049    2.070    2.131    2.157    2.346
    2.388    2.513    2.643    2.730    2.873    2.886    2.959    3.000    3.025    3.111
    3.147    3.191    3.217    3.342    3.440    3.530    3.544    3.563    3.568    3.573
    3.583    3.605    3.648    3.679    3.768    3.774    3.837    3.854    3.964    4.131
    4.228    4.436    4.637    4.971    5.011    5.249    5.322    5.400    5.580    5.646
    7.465    7.717    7.878    8.106    8.128    8.279    8.301    8.330    8.384    8.438
    8.499    8.527    8.629    8.667    8.733    8.750    8.833    8.947    9.140    9.176
    9.244    9.244    9.310    9.319    9.416    9.463
            0.300000  0.000000  0.060000
   -8.948   -8.947   -8.946   -8.944   -8.944   -8.934   -8.933   -8.933   -8.932   -8.931
   -8.923   -8.923   -8.922   -8.922   -8.922   -8.892   -8.891   -8.891   -8.891   -8.891
   -8.879   -8.879   -8.878   -8.878   -8.878   -8.863   -8.863   -8.863   -8.863   -8.862
   -8.841   -8.840   -8.839   -8.839   -8.838   -8.838   -8.838   -8.838   -8.837   -8.837
   -8.831   -8.831   -8.830   -8.829   -8.828   -8.825   -8.825   -8.825   -8.825   -8.824
   -6.192   -6.140   -5.987   -5.842   -5.607   -5.205   -4.962   -4.932   -4.896   -4.846
   -4.770   -4.666   -4.657   -4.487   -4.386   -4.375   -4.323   -4.260   -4.257   -4.236
   -0.384   -0.369   -0.331   -0.302   -0.272   -0.185   -0.052    0.295    0.585    0.649
    0.734    0.821    0.936    0.980    0.992    1.813    2.052    2.085    2.175    2.311
    2.316    2.365    2.573    2.696    2.718    2.728    2.749    2.865    2.953    2.977
    3.048    3.090    3.132    3.268    3.402    3.413    3.501    3.603    3.608    3.672
    3.714    3.715    3.715    3.746    3.802    3.856    3.921    3.964    3.998    4.008
    4.060    4.387    4.571    4.839    5.007    5.035    5.142    5.363    5.448    5.551
    7.581    7.830    8.002    8.198    8.319    8.385    8.567    8.623    8.660    8.664
    8.780    8.835    8.855    8.887    8.901    8.902    8.973    9.082    9.159    9.315
    9.338    9.522    9.530    9.577    9.618    9.647
            0.350000  0.000000  0.070000
   -8.945   -8.944   -8.943   -8.942   -8.941   -8.935   -8.934   -8.933   -8.932   -8.932
   -8.920   -8.919   -8.919   -8.919   -8.918   -8.896   -8.895   -8.895   -8.895   -8.895
   -8.879   -8.878   -8.878   -8.878   -8.878   -8.866   -8.866   -8.866   -8.866   -8.865
   -8.839   -8.839   -8.838   -8.837   -8.837   -8.837   -8.836   -8.836   -8.836   -8.836
   -8.832   -8.832   -8.831   -8.830   -8.829   -8.827   -8.827   -8.827   -8.827   -8.826
   -6.076   -6.037   -5.865   -5.759   -5.501   -5.143   -5.139   -5.113   -4.998   -4.931
   -4.809   -4.777   -4.648   -4.581   -4.430   -4.365   -4.338   -4.259   -4.258   -4.234
   -0.301   -0.288   -0.231   -0.199   -0.153   -0.142   -0.072    0.260    0.444    0.724
    0.836    0.877    0.979    1.193    1.248    1.594    2.062    2.063    2.107    2.256
    2.271    2.384    2.410    2.444    2.567    2.593    2.683    2.770    2.884    2.904
    3.016    3.041    3.099    3.116    3.155    3.310    3.312    3.366    3.632    3.672
    3.776    3.847    3.870    3.880    3.911    3.978    3.980    4.040    4.093    4.136
    4.183    4.244    4.664    4.688    4.815    4.956    5.013    5.115    5.398    5.408
    7.721    7.930    8.182    8.237    8.622    8.650    8.689    8.746    8.753    8.765
    8.811    8.884    9.066    9.123    9.144    9.158    9.195    9.326    9.330    9.382
    9.552    9.553    9.660    9.683    9.721    9.919
            0.400000  0.000000  0.080000
   -8.943   -8.942   -8.941   -8.940   -8.939   -8.936   -8.935   -8.934   -8.933   -8.933
   -8.916   -8.916   -8.915   -8.915   -8.915   -8.900   -8.900   -8.899   -8.899   -8.899
   -8.878   -8.878   -8.877   -8.877   -8.877   -8.869   -8.869   -8.869   -8.869   -8.868
   -8.838   -8.838   -8.837   -8.836   -8.835   -8.835   -8.835   -8.835   -8.835   -8.834
   -8.833   -8.833   -8.832   -8.831   -8.830   -8.828   -8.828   -8.828   -8.828   -8.827
   -5.944   -5.919   -5.729   -5.662   -5.387   -5.313   -5.294   -5.148   -5.097   -5.069
   -4.900   -4.722   -4.682   -4.623   -4.473   -4.418   -4.305   -4.259   -4.258   -4.237
   -0.233   -0.222   -0.133   -0.133   -0.101   -0.091    0.002    0.210    0.311    0.668
    0.816    1.056    1.148    1.395    1.485    1.538    1.904    2.075    2.087    2.103
    2.255    2.354    2.370    2.442    2.474    2.482    2.524    2.579    2.766    2.849
    2.937    2.955    3.005    3.045    3.049    3.134    3.189    3.203    3.720    3.760
    3.796    3.894    3.895    3.947    3.977    4.004    4.035    4.103    4.237    4.296
    4.408    4.475    4.493    4.594    4.766    4.767    4.861    4.985    5.225    5.255
    7.884    8.032    8.393    8.408    8.557    8.673    8.694    8.786    8.871    8.908
    8.924    8.927    9.171    9.297    9.298    9.306    9.433    9.473    9.530    9.606
    9.736    9.790    9.792    9.822    9.839    9.918
            0.450000  0.000000  0.090000
   -8.941   -8.939   -8.939   -8.937   -8.937   -8.937   -8.936   -8.936   -8.934   -8.934
   -8.912   -8.912   -8.912   -8.911   -8.911   -8.904   -8.904   -8.903   -8.903   -8.903
   -8.876   -8.876   -8.876   -8.876   -8.876   -8.872   -8.872   -8.872   -8.872   -8.871
   -8.837   -8.837   -8.836   -8.835   -8.834   -8.834   -8.834   -8.833   -8.833   -8.833
   -8.833   -8.833   -8.832   -8.832   -8.831   -8.830   -8.830   -8.830   -8.830   -8.829
   -5.798   -5.786   -5.582   -5.550   -5.481   -5.470   -5.291   -5.269   -5.263   -5.024
   -4.982   -4.785   -4.637   -4.592   -4.516   -4.482   -4.278   -4.258   -4.258   -4.244
   -0.180   -0.173   -0.128   -0.113   -0.033   -0.010    0.147    0.158    0.187    0.496
    0.929    1.218    1.269    1.326    1.705    1.783    1.806    1.842    2.157    2.172
    2.268    2.308    2.351    2.377    2.384    2.409    2.467    2.507    2.517    2.584
    2.787    2.920    2.928    2.985    3.004    3.075    3.228    3.309    3.569    3.650
    3.873    3.966    3.977    3.977    4.027    4.059    4.185    4.209    4.328    4.379
    4.511    4.543    4.576    4.589    4.617    4.676    4.782    4.924    5.015    5.041
    8.068    8.143    8.409    8.483    8.623    8.632    8.656    8.682    8.961    8.995
    9.119    9.139    9.159    9.288    9.363    9.369    9.547    9.675    9.683    9.683
    9.804    9.814    9.851    9.926   10.020   10.099
            0.500000  0.000000  0.100000
   -8.939   -8.939   -8.937   -8.937   -8.937   -8.937   -8.936   -8.936   -8.935   -8.935
   -8.908   -8.908   -8.908   -8.908   -8.908   -8.908   -8.907   -8.907   -8.907   -8.907
   -8.874   -8.874   -8.874   -8.874   -8.874   -8.874   -8.874   -8.874   -8.874   -8.874
   -8.835   -8.835   -8.835   -8.835   -8.834   -8.834   -8.834   -8.834   -8.832   -8.832
   -8.832   -8.832   -8.832   -8.832   -8.831   -8.831   -8.831   -8.831   -8.830   -8.830
   -5.639   -5.639   -5.639   -5.639   -5.426   -5.426   -5.426   -5.426   -5.147   -5.147
   -4.886   -4.886   -4.556   -4.556   -4.556   -4.556   -4.258   -4.258   -4.258   -4.258
   -0.141   -0.141   -0.141   -0.141    0.073    0.073    0.073    0.073    0.324    0.324
    1.063    1.063    1.512    1.512    1.512    1.512    2.150    2.150    2.151    2.151
    2.266    2.266    2.266    2.266    2.310    2.310    2.310    2.310    2.647    2.647
    2.731    2.731    2.984    2.984    2.985    2.985    3.431    3.431    3.431    3.431
    3.975    3.975    3.975    3.975    4.171    4.171    4.172    4.172    4.390    4.390
    4.390    4.390    4.720    4.720    4.785    4.785    4.785    4.785    4.826    4.826
    8.269    8.269    8.270    8.270    8.622    8.622    8.880    8.880    8.880    8.880
    9.164    9.164    9.308    9.308    9.309    9.309    9.695    9.695    9.695    9.695
    9.816    9.816    9.816    9.816   10.267   10.267
            0.450000  0.000000  0.090000
   -8.941   -8.939   -8.939   -8.937   -8.937   -8.937   -8.936   -8.936   -8.934   -8.934
   -8.912   -8.912   -8.912   -8.911   -8.911   -8.904   -8.904   -8.903   -8.903   -8.903
   -8.876   -8.876   -8.876   -8.876   -8.876   -8.872   -8.872   -8.872   -8.872   -8.871
   -8.837   -8.837   -8.836   -8.835   -8.834   -8.834   -8.834   -8.833   -8.833   -8.833
   -8.833   -8.833   -8.832   -8.832   -8.831   -8.830   -8.830   -8.830   -8.830   -8.829
   -5.798   -5.786   -5.582   -5.550   -5.481   -5.470   -5.291   -5.269   -5.263   -5.024
   -4.982   -4.785   -4.637   -4.592   -4.516   -4.482   -4.278   -4.258   -4.258   -4.244
   -0.180   -0.173   -0.128   -0.113   -0.033   -0.010    0.147    0.158    0.187    0.496
    0.929    1.218    1.269    1.326    1.705    1.783    1.806    1.842    2.157    2.172
    2.268    2.308    2.351    2.377    2.384    2.409    2.467    2.507    2.517    2.584
    2.787    2.920    2.928    2.985    3.004    3.075    3.228    3.309    3.569    3.650
    3.873    3.966    3.977    3.977    4.027    4.059    4.185    4.209    4.328    4.379
    4.511    4.543    4.576    4.589    4.617    4.676    4.782    4.924    5.015    5.041
    8.068    8.143    8.409    8.483    8.623    8.632    8.656    8.682    8.961    8.995
    9.119    9.139    9.159    9.288    9.363    9.369    9.547    9.675    9.683    9.683
    9.804    9.814    9.851    9.926   10.020   10.099
            0.400000  0.000000  0.080000
   -8.943   -8.942   -8.941   -8.940   -8.939   -8.936   -8.935   -8.934   -8.933   -8.933
   -8.916   -8.916   -8.915   -8.915   -8.915   -8.900   -8.900   -8.899   -8.899   -8.899
   -8.878   -8.878   -8.877   -8.877   -8.877   -8.869   -8.869   -8.869   -8.869   -8.868
   -8.838   -8.838   -8.837   -8.836   -8.835   -8.835   -8.835   -8.835   -8.835   -8.834
   -8.833   -8.833   -8.832   -8.831   -8.830   -8.828   -8.828   -8.828   -8.828   -8.827
   -5.944   -5.919   -5.729   -5.662   -5.387   -5.313   -5.294   -5.148   -5.097   -5.069
   -4.900   -4.722   -4.682   -4.623   -4.473   -4.418   -4.305   -4.259   -4.258   -4.237
   -0.233   -0.222   -0.133   -0.133   -0.101   -0.091    0.002    0.210    0.311    0.668
    0.816    1.056    1.148    1.395    1.485    1.538    1.904    2.075    2.087    2.103
    2.255    2.354    2.370    2.442    2.474    2.482    2.524    2.579    2.766    2.849
    2.937    2.955    3.005    3.045    3.049    3.134    3.189    3.203    3.720    3.760
    3.796    3.894    3.895    3.947    3.977    4.004    4.035    4.103    4.237    4.296
    4.408    4.475    4.493    4.594    4.766    4.767    4.861    4.985    5.225    5.255
    7.884    8.032    8.393    8.408    8.557    8.673    8.694    8.786    8.871    8.908
    8.924    8.927    9.171    9.297    9.298    9.306    9.433    9.473    9.530    9.606
    9.736    9.790    9.792    9.822    9.839    9.918
            0.350000  0.000000  0.070000
   -8.945   -8.944   -8.943   -8.942   -8.941   -8.935   -8.934   -8.933   -8.932   -8.932
   -8.920   -8.919   -8.919   -8.919   -8.918   -8.896   -8.895   -8.895   -8.895   -8.895
   -8.879   -8.878   -8.878   -8.878   -8.878   -8.866   -8.866   -8.866   -8.866   -8.865
   -8.839   -8.839   -8.838   -8.837   -8.837   -8.837   -8.836   -8.836   -8.836   -8.836
   -8.832   -8.832   -8.831   -8.830   -8.829   -8.827   -8.827   -8.827   -8.827   -8.826
   -6.076   -6.037   -5.865   -5.759   -5.501   -5.143   -5.139   -5.113   -4.998   -4.931
   -4.809   -4.777   -4.648   -4.581   -4.430   -4.365   -4.338   -4.259   -4.258   -4.234
   -0.301   -0.288   -0.231   -0.199   -0.153   -0.142   -0.072    0.260    0.444    0.724
    0.836    0.877    0.979    1.193    1.248    1.594    2.062    2.063    2.107    2.256
    2.271    2.384    2.410    2.444    2.567    2.593    2.683    2.770    2.884    2.904
    3.016    3.041    3.099    3.116    3.155    3.310    3.312    3.366    3.632    3.672
    3.776    3.847    3.870    3.880    3.911    3.978    3.980    4.040    4.093    4.136
    4.183    4.244    4.664    4.688    4.815    4.956    5.013    5.115    5.398    5.408
    7.721    7.930    8.182    8.237    8.622    8.650    8.689    8.746    8.753    8.765
    8.811    8.884    9.066    9.123    9.144    9.158    9.195    9.326    9.330    9.382
    9.552    9.553    9.660    9.683    9.721    9.919
            0.300000  0.000000  0.060000
   -8.948   -8.947   -8.946   -8.944   -8.944   -8.934   -8.933   -8.933   -8.932   -8.931
   -8.923   -8.923   -8.922   -8.922   -8.922   -8.892   -8.891   -8.891   -8.891   -8.891
   -8.879   -8.879   -8.878   -8.878   -8.878   -8.863   -8.863   -8.863   -8.863   -8.862
   -8.841   -8.840   -8.839   -8.839   -8.838   -8.838   -8.838   -8.838   -8.837   -8.837
   -8.831   -8.831   -8.830   -8.829   -8.828   -8.825   -8.825   -8.825   -8.825   -8.824
   -6.192   -6.140   -5.987   -5.842   -5.607   -5.205   -4.962   -4.932   -4.896   -4.846
   -4.770   -4.666   -4.657   -4.487   -4.386   -4.375   -4.323   -4.260   -4.257   -4.236
   -0.384   -0.369   -0.331   -0.302   -0.272   -0.185   -0.052    0.295    0.585    0.649
    0.734    0.821    0.936    0.980    0.992    1.813    2.052    2.085    2.175    2.311
    2.316    2.365    2.573    2.696    2.718    2.728    2.749    2.865    2.953    2.977
    3.048    3.090    3.132    3.268    3.402    3.413    3.501    3.603    3.608    3.672
    3.714    3.715    3.715    3.746    3.802    3.856    3.921    3.964    3.998    4.008
    4.060    4.387    4.571    4.839    5.007    5.035    5.142    5.363    5.448    5.551
    7.581    7.830    8.002    8.198    8.319    8.385    8.567    8.623    8.660    8.664
    8.780    8.835    8.855    8.887    8.901    8.902    8.973    9.082    9.159    9.315
    9.338    9.522    9.530    9.577    9.618    9.647
            0.250000  0.000000  0.050000
   -8.950   -8.949   -8.948   -8.947   -8.946   -8.933   -8.933   -8.932   -8.931   -8.931
   -8.926   -8.926   -8.925   -8.925   -8.924   -8.888   -8.888   -8.887   -8.887   -8.887
   -8.879   -8.879   -8.879   -8.878   -8.878   -8.860   -8.860   -8.860   -8.860   -8.859
   -8.842   -8.841   -8.840   -8.840   -8.840   -8.840   -8.839   -8.839   -8.838   -8.838
   -8.830   -8.830   -8.829   -8.828   -8.827   -8.824   -8.824   -8.824   -8.824   -8.823
   -6.292   -6.226   -6.095   -5.910   -5.704   -5.253   -4.980   -4.788   -4.756   -4.697
   -4.677   -4.619   -4.543   -4.416   -4.404   -4.344   -4.291   -4.261   -4.256   -4.240
   -0.481   -0.463   -0.434   -0.404   -0.386   -0.222   -0.027    0.312    0.591    0.627
    0.678    0.721    0.730    0.745    1.130    2.049    2.070    2.131    2.157    2.346
    2.388    2.513    2.643    2.730    2.873    2.886    2.959    3.000    3.025    3.111
    3.147    3.191    3.217    3.342    3.440    3.530    3.544    3.563    3.568    3.573
    3.583    3.605    3.648    3.679    3.768    3.774    3.837    3.854    3.964    4.131
    4.228    4.436    4.637    4.971    5.011    5.249    5.322    5.400    5.580    5.646
    7.465    7.717    7.878    8.106    8.128    8.279    8.301    8.330    8.384    8.438
    8.499    8.527    8.629    8.667    8.733    8.750    8.833    8.947    9.140    9.176
    9.244    9.244    9.310    9.319    9.416    9.463
            0.200000  0.000000  0.040000
   -8.952   -8.951   -8.950   -8.949   -8.948   -8.933   -8.933   -8.932   -8.931   -8.931
   -8.928   -8.928   -8.927   -8.927   -8.926   -8.885   -8.885   -8.884   -8.884   -8.884
   -8.879   -8.879   -8.879   -8.878   -8.878   -8.857   -8.857   -8.857   -8.857   -8.856
   -8.843   -8.842   -8.841   -8.841   -8.841   -8.841   -8.841   -8.840   -8.840   -8.839
   -8.829   -8.829   -8.828   -8.828   -8.826   -8.823   -8.823   -8.823   -8.823   -8.822
   -6.375   -6.294   -6.188   -5.961   -5.791   -5.287   -5.058   -4.680   -4.624   -4.593
   -4.556   -4.485   -4.459   -4.440   -4.336   -4.305   -4.269   -4.262   -4.255   -4.245
   -0.588   -0.564   -0.538   -0.500   -0.485   -0.261    0.003    0.312    0.547    0.550
    0.551    0.553    0.553    0.876    1.243    2.118    2.130    2.274    2.295    2.354
    2.484    2.568    2.706    2.902    2.971    3.019    3.060    3.113    3.147    3.208
    3.238    3.300    3.348    3.378    3.387    3.402    3.403    3.438    3.509    3.517
    3.529    3.568    3.577    3.607    3.623    3.668    3.949    3.960    4.092    4.301
    4.392    4.552    4.877    4.911    5.173    5.274    5.450    5.488    5.683    5.734
    7.375    7.614    7.815    7.888    7.972    8.000    8.041    8.046    8.116    8.149
    8.297    8.369    8.465    8.474    8.500    8.596    8.614    8.845    8.926    8.953
    9.085    9.090    9.105    9.107    9.161    9.372
            0.150000  0.000000  0.030000
   -8.954   -8.953   -8.952   -8.951   -8.950   -8.933   -8.933   -8.932   -8.931   -8.930
   -8.930   -8.930   -8.929   -8.929   -8.928   -8.882   -8.882   -8.882   -8.881   -8.881
   -8.879   -8.879   -8.878   -8.878   -8.878   -8.855   -8.855   -8.854   -8.854   -8.854
   -8.843   -8.843   -8.842   -8.842   -8.842   -8.842   -8.841   -8.841   -8.841   -8.840
   -8.829   -8.828   -8.827   -8.827   -8.826   -8.823   -8.822   -8.822   -8.822   -8.821
   -6.441   -6.344   -6.264   -5.996   -5.865   -5.306   -5.128   -4.675   -4.502   -4.478
   -4.452   -4.431   -4.373   -4.350   -4.283   -4.271   -4.263   -4.255   -4.253   -4.251
   -0.695   -0.663   -0.639   -0.582   -0.567   -0.296    0.040    0.295    0.402    0.431
    0.451    0.500    0.513    1.016    1.324    2.172    2.194    2.389    2.431    2.528
    2.541    2.601    2.880    2.962    3.073    3.146    3.151    3.154    3.154    3.205
    3.226    3.248    3.266    3.295    3.303    3.321    3.378    3.381    3.449    3.453
    3.499    3.535    3.538    3.601    3.756    3.823    3.953    4.171    4.204    4.321
    4.539    4.837    4.972    5.096    5.105    5.315    5.618    5.638    5.660    5.784
    7.312    7.585    7.677    7.684    7.699    7.762    7.812    7.822    7.844    7.964
    8.049    8.185    8.209    8.355    8.463    8.479    8.515    8.678    8.687    8.736
    8.839    8.874    8.889    9.020    9.173    9.248
            0.100000  0.000000  0.020000
   -8.955   -8.955   -8.953   -8.952   -8.951   -8.933   -8.933   -8.932   -8.932   -8.932
   -8.931   -8.931   -8.930   -8.930   -8.929   -8.880   -8.880   -8.880   -8.879   -8.879
   -8.879   -8.878   -8.878   -8.878   -8.877   -8.853   -8.853   -8.853   -8.853   -8.852
   -8.844   -8.844   -8.843   -8.842   -8.842   -8.842   -8.842   -8.842   -8.841   -8.841
   -8.828   -8.828   -8.827   -8.827   -8.825   -8.822   -8.822   -8.822   -8.822   -8.821
   -6.488   -6.377   -6.322   -6.015   -5.925   -5.310   -5.189   -4.662   -4.543   -4.362
   -4.341   -4.332   -4.289   -4.280   -4.263   -4.256   -4.250   -4.248   -4.246   -4.245
   -0.791   -0.745   -0.725   -0.644   -0.630   -0.324    0.083    0.264    0.300    0.351
    0.374    0.471    0.488    1.144    1.367    2.255    2.291    2.452    2.527    2.618
    2.736    2.772    2.952    2.966    2.973    3.018    3.074    3.093    3.133    3.156
    3.221    3.221    3.265    3.286    3.313    3.369    3.391    3.402    3.413    3.425
    3.431    3.444    3.516    3.769    3.874    3.943    4.069    4.148    4.428    4.508
    4.653    4.764    4.930    5.280    5.376    5.424    5.589    5.716    5.731    5.775
    7.279    7.357    7.464    7.502    7.523    7.579    7.619    7.661    7.847    7.864
    7.940    7.967    8.137    8.232    8.251    8.323    8.363    8.506    8.534    8.655
    8.658    8.690    8.786    9.050    9.069    9.127
            0.050000  0.000000  0.010000
   -8.956   -8.956   -8.954   -8.953   -8.952   -8.933   -8.933   -8.933   -8.932   -8.932
   -8.931   -8.931   -8.931   -8.931   -8.930   -8.879   -8.879   -8.878   -8.878   -8.878
   -8.878   -8.878   -8.878   -8.878   -8.877   -8.852   -8.852   -8.852   -8.852   -8.851
   -8.845   -8.844   -8.843   -8.843   -8.843   -8.843   -8.843   -8.843   -8.842   -8.841
   -8.828   -8.828   -8.827   -8.826   -8.825   -8.822   -8.822   -8.822   -8.821   -8.821
   -6.516   -6.391   -6.363   -6.016   -5.971   -5.300   -5.238   -4.642   -4.581   -4.287
   -4.270   -4.267   -4.263   -4.259   -4.247   -4.245   -4.238   -4.235   -4.227   -4.226
   -0.857   -0.798   -0.787   -0.680   -0.672   -0.342    0.130    0.224    0.240    0.310
    0.324    0.459    0.470    1.250    1.368    2.361    2.389    2.546    2.576    2.804
    2.817    2.820    2.876    2.876    2.902    2.962    3.006    3.060    3.094    3.102
    3.141    3.236    3.272    3.320    3.338    3.343    3.343    3.373    3.395    3.471
    3.491    3.501    3.523    3.890    3.938    3.943    3.994    4.437    4.588    4.646
    4.716    4.718    4.791    5.413    5.484    5.506    5.578    5.722    5.802    5.866
    7.045    7.279    7.330    7.362    7.373    7.413    7.483    7.723    7.770    7.838
    7.961    7.998    8.078    8.112    8.132    8.202    8.236    8.385    8.400    8.506
    8.533    8.601    8.611    8.996    9.027    9.082
            0.000000  0.000000  0.000000
   -8.956   -8.956   -8.954   -8.953   -8.952   -8.933   -8.933   -8.933   -8.933   -8.931
   -8.931   -8.931   -8.931   -8.931   -8.931   -8.878   -8.878   -8.878   -8.878   -8.878
   -8.878   -8.878   -8.878   -8.877   -8.877   -8.852   -8.851   -8.851   -8.851   -8.850
   -8.845   -8.844   -8.843   -8.843   -8.843   -8.843   -8.843   -8.843   -8.842   -8.842
   -8.828   -8.828   -8.827   -8.826   -8.825   -8.822   -8.822   -8.822   -8.821   -8.821
   -6.525   -6.386   -6.386   -6.002   -6.002   -5.276   -5.275   -4.615   -4.615   -4.263
   -4.261   -4.261   -4.245   -4.245   -4.245   -4.245   -4.220   -4.220   -4.220   -4.220
   -0.880   -0.813   -0.813   -0.689   -0.689   -0.348    0.178    0.178    0.220    0.302
    0.302    0.460    0.460    1.327    1.328    2.430    2.430    2.651    2.651    2.746
    2.746    2.747    2.747    2.950    2.950    3.079    3.079    3.094    3.094    3.094
    3.094    3.097    3.097    3.342    3.362    3.362    3.364    3.364    3.393    3.517
    3.517    3.517    3.517    3.950    3.950    3.950    3.950    4.608    4.608    4.718
    4.718    4.718    4.718    5.482    5.482    5.482    5.482    5.816    5.898    5.898
    6.892    7.295    7.295    7.318    7.323    7.323    7.437    7.695    7.695    8.018
    8.054    8.054    8.054    8.054    8.128    8.128    8.134    8.134    8.366    8.513
    8.513    8.550    8.550    9.007    9.007    9.034
