 &plot nbnd=  16, nks=   301 /
            0.000000  0.000000  0.000000
   -7.686   -7.686   -7.686   -7.559   -7.559   -4.768    6.437    6.437    6.437    6.879
   10.514   10.514   10.514   14.800   15.782   15.782
            0.016667 -0.009623  0.013608
   -7.686   -7.685   -7.685   -7.559   -7.559   -4.764    6.331    6.427    6.427    6.986
   10.500   10.528   10.528   14.824   15.729   15.785
            0.033333 -0.019245  0.027217
   -7.688   -7.685   -7.685   -7.559   -7.558   -4.752    6.127    6.397    6.397    7.188
   10.458   10.570   10.570   14.893   15.583   15.793
            0.050000 -0.028868  0.040825
   -7.690   -7.684   -7.684   -7.559   -7.558   -4.733    5.901    6.348    6.348    7.412
   10.392   10.637   10.637   15.002   15.379   15.806
            0.066667 -0.038490  0.054433
   -7.694   -7.682   -7.682   -7.560   -7.557   -4.705    5.668    6.283    6.283    7.640
   10.304   10.729   10.729   15.083   15.209   15.825
            0.083333 -0.048113  0.068041
   -7.698   -7.680   -7.680   -7.561   -7.557   -4.670    5.433    6.203    6.203    7.867
   10.201   10.842   10.842   14.861   15.361   15.849
            0.100000 -0.057735  0.081650
   -7.703   -7.678   -7.678   -7.562   -7.556   -4.627    5.198    6.113    6.113    8.090
   10.086   10.974   10.974   14.603   15.576   15.878
            0.116667 -0.067358  0.095258
   -7.709   -7.675   -7.675   -7.563   -7.555   -4.577    4.963    6.013    6.013    8.307
    9.963   11.123   11.123   14.350   15.818   15.912
            0.133333 -0.076980  0.108866
   -7.716   -7.672   -7.672   -7.564   -7.554   -4.519    4.728    5.907    5.907    8.513
    9.837   11.287   11.287   14.110   15.951   16.083
            0.150000 -0.086603  0.122474
   -7.723   -7.668   -7.668   -7.566   -7.553   -4.455    4.494    5.796    5.796    8.706
    9.710   11.462   11.462   13.890   15.995   16.365
            0.166667 -0.096225  0.136083
   -7.730   -7.665   -7.665   -7.567   -7.551   -4.384    4.262    5.682    5.682    8.880
    9.586   11.648   11.648   13.697   16.044   16.661
            0.183333 -0.105848  0.149691
   -7.738   -7.661   -7.661   -7.569   -7.550   -4.306    4.031    5.568    5.568    9.026
    9.471   11.843   11.843   13.535   16.097   16.967
            0.200000 -0.115470  0.163299
   -7.746   -7.656   -7.656   -7.571   -7.549   -4.222    3.801    5.454    5.454    9.122
    9.385   12.046   12.046   13.410   16.155   17.280
            0.216667 -0.125093  0.176908
   -7.754   -7.652   -7.652   -7.573   -7.547   -4.132    3.574    5.341    5.341    9.120
    9.372   12.256   12.256   13.328   16.216   17.596
            0.233333 -0.134715  0.190516
   -7.762   -7.647   -7.647   -7.575   -7.546   -4.037    3.348    5.231    5.231    9.042
    9.409   12.471   12.471   13.291   16.281   17.909
            0.250000 -0.144338  0.204124
   -7.770   -7.643   -7.643   -7.578   -7.545   -3.937    3.126    5.125    5.125    8.948
    9.435   12.691   12.691   13.300   16.349   18.215
            0.266667 -0.153960  0.217732
   -7.778   -7.638   -7.638   -7.580   -7.543   -3.833    2.906    5.022    5.022    8.855
    9.437   12.916   12.916   13.353   16.420   18.509
            0.283333 -0.163583  0.231341
   -7.786   -7.634   -7.634   -7.582   -7.541   -3.724    2.691    4.925    4.925    8.766
    9.413   13.145   13.145   13.447   16.493   18.785
            0.300000 -0.173205  0.244949
   -7.793   -7.629   -7.629   -7.584   -7.540   -3.613    2.480    4.832    4.832    8.684
    9.368   13.376   13.376   13.575   16.568   19.041
            0.316667 -0.182828  0.258557
   -7.800   -7.625   -7.625   -7.586   -7.538   -3.500    2.274    4.746    4.746    8.609
    9.308   13.611   13.611   13.730   16.644   19.272
            0.333333 -0.192450  0.272166
   -7.807   -7.621   -7.621   -7.588   -7.537   -3.385    2.075    4.666    4.666    8.543
    9.237   13.847   13.847   13.905   16.719   19.475
            0.350000 -0.202073  0.285774
   -7.813   -7.617   -7.617   -7.590   -7.535   -3.271    1.884    4.592    4.592    8.484
    9.160   14.084   14.084   14.094   16.793   19.642
            0.366667 -0.211695  0.299382
   -7.819   -7.613   -7.613   -7.592   -7.534   -3.158    1.702    4.525    4.525    8.433
    9.081   14.291   14.321   14.321   16.865   19.761
            0.383333 -0.221318  0.312990
   -7.824   -7.610   -7.610   -7.594   -7.533   -3.049    1.532    4.466    4.466    8.391
    9.004   14.489   14.555   14.555   16.934   19.471
            0.400000 -0.230940  0.326599
   -7.828   -7.607   -7.607   -7.596   -7.532   -2.946    1.375    4.414    4.414    8.356
    8.932   14.684   14.786   14.786   16.997   19.182
            0.416667 -0.240563  0.340207
   -7.832   -7.604   -7.604   -7.597   -7.531   -2.851    1.235    4.370    4.370    8.329
    8.866   14.867   15.008   15.008   17.055   18.907
            0.433333 -0.250185  0.353815
   -7.835   -7.602   -7.602   -7.598   -7.531   -2.767    1.114    4.333    4.333    8.308
    8.808   15.033   15.217   15.217   17.104   18.655
            0.450000 -0.259808  0.367423
   -7.838   -7.601   -7.601   -7.599   -7.530   -2.697    1.015    4.305    4.305    8.293
    8.761   15.174   15.403   15.403   17.144   18.434
            0.466667 -0.269430  0.381032
   -7.839   -7.600   -7.600   -7.600   -7.530   -2.645    0.942    4.284    4.284    8.284
    8.726   15.283   15.555   15.555   17.174   18.257
            0.483333 -0.279053  0.394640
   -7.840   -7.600   -7.599   -7.599   -7.529   -2.612    0.897    4.272    4.272    8.279
    8.704   15.351   15.656   15.656   17.193   18.141
            0.500000 -0.288675  0.408248
   -7.840   -7.600   -7.598   -7.598   -7.529   -2.601    0.882    4.268    4.268    8.277
    8.697   15.375   15.692   15.692   17.199   18.100
            0.500000 -0.279053  0.415052
   -7.840   -7.600   -7.598   -7.598   -7.529   -2.601    0.882    4.266    4.266    8.282
    8.701   15.359   15.679   15.703   17.202   18.098
            0.500000 -0.269430  0.421857
   -7.840   -7.600   -7.599   -7.598   -7.530   -2.600    0.883    4.261    4.261    8.295
    8.713   15.315   15.641   15.731   17.212   18.094
            0.500000 -0.259808  0.428661
   -7.840   -7.601   -7.599   -7.597   -7.530   -2.599    0.885    4.252    4.252    8.317
    8.732   15.254   15.580   15.767   17.227   18.088
            0.500000 -0.250185  0.435465
   -7.840   -7.601   -7.600   -7.597   -7.530   -2.598    0.887    4.239    4.240    8.347
    8.760   15.181   15.498   15.805   17.246   18.082
            0.500000 -0.240563  0.442269
   -7.839   -7.602   -7.601   -7.596   -7.530   -2.597    0.890    4.223    4.225    8.386
    8.795   15.099   15.399   15.844   17.267   18.075
            0.500000 -0.230940  0.449073
   -7.839   -7.602   -7.602   -7.595   -7.531   -2.595    0.894    4.205    4.207    8.433
    8.837   15.010   15.285   15.880   17.288   18.069
            0.500000 -0.221318  0.455877
   -7.838   -7.603   -7.602   -7.595   -7.531   -2.593    0.898    4.183    4.186    8.488
    8.886   14.915   15.159   15.914   17.310   18.065
            0.500000 -0.211695  0.462681
   -7.837   -7.604   -7.603   -7.594   -7.532   -2.591    0.903    4.159    4.164    8.550
    8.941   14.815   15.023   15.946   17.331   18.063
            0.500000 -0.202073  0.469486
   -7.836   -7.605   -7.603   -7.593   -7.532   -2.588    0.908    4.134    4.139    8.619
    9.003   14.711   14.879   15.976   17.351   18.063
            0.500000 -0.192450  0.476290
   -7.835   -7.607   -7.603   -7.592   -7.533   -2.585    0.914    4.106    4.113    8.695
    9.070   14.602   14.728   16.004   17.369   18.065
            0.500000 -0.182828  0.483094
   -7.833   -7.608   -7.604   -7.591   -7.533   -2.582    0.920    4.077    4.086    8.777
    9.143   14.490   14.572   16.029   17.386   18.070
            0.500000 -0.173205  0.489898
   -7.832   -7.610   -7.604   -7.590   -7.534   -2.579    0.926    4.047    4.059    8.865
    9.221   14.375   14.413   16.053   17.401   18.077
            0.500000 -0.163583  0.496702
   -7.831   -7.612   -7.604   -7.589   -7.535   -2.576    0.933    4.017    4.030    8.959
    9.303   14.250   14.258   16.075   17.415   18.086
            0.500000 -0.153960  0.503506
   -7.830   -7.614   -7.604   -7.588   -7.535   -2.573    0.940    3.986    4.002    9.057
    9.389   14.086   14.138   16.095   17.427   18.097
            0.500000 -0.144338  0.510310
   -7.828   -7.616   -7.604   -7.587   -7.536   -2.570    0.947    3.955    3.974    9.160
    9.478   13.919   14.018   16.114   17.439   18.109
            0.500000 -0.134715  0.517115
   -7.827   -7.618   -7.605   -7.586   -7.537   -2.566    0.955    3.924    3.947    9.268
    9.570   13.752   13.896   16.131   17.449   18.123
            0.500000 -0.125093  0.523919
   -7.825   -7.620   -7.605   -7.585   -7.538   -2.563    0.962    3.894    3.920    9.380
    9.665   13.585   13.773   16.148   17.458   18.137
            0.500000 -0.115470  0.530723
   -7.824   -7.622   -7.605   -7.584   -7.539   -2.560    0.969    3.866    3.894    9.495
    9.762   13.418   13.652   16.163   17.466   18.153
            0.500000 -0.105848  0.537527
   -7.822   -7.624   -7.605   -7.583   -7.540   -2.557    0.976    3.838    3.870    9.613
    9.859   13.252   13.531   16.177   17.473   18.168
            0.500000 -0.096225  0.544331
   -7.821   -7.626   -7.605   -7.582   -7.540   -2.554    0.983    3.812    3.847    9.734
    9.956   13.087   13.412   16.189   17.480   18.184
            0.500000 -0.086603  0.551135
   -7.820   -7.627   -7.605   -7.581   -7.541   -2.551    0.989    3.787    3.825    9.857
   10.053   12.924   13.295   16.201   17.486   18.200
            0.500000 -0.076980  0.557939
   -7.818   -7.629   -7.605   -7.580   -7.542   -2.548    0.995    3.765    3.806    9.981
   10.148   12.765   13.183   16.211   17.491   18.215
            0.500000 -0.067358  0.564743
   -7.817   -7.630   -7.605   -7.579   -7.543   -2.546    1.001    3.744    3.788   10.106
   10.240   12.609   13.076   16.220   17.495   18.229
            0.500000 -0.057735  0.571548
   -7.816   -7.632   -7.605   -7.578   -7.544   -2.544    1.006    3.726    3.773   10.229
   10.326   12.458   12.976   16.228   17.499   18.242
            0.500000 -0.048113  0.578352
   -7.815   -7.633   -7.605   -7.578   -7.545   -2.542    1.010    3.711    3.759   10.349
   10.406   12.315   12.885   16.235   17.502   18.253
            0.500000 -0.038490  0.585156
   -7.814   -7.634   -7.605   -7.577   -7.545   -2.540    1.014    3.698    3.748   10.463
   10.477   12.182   12.805   16.241   17.505   18.263
            0.500000 -0.028868  0.591960
   -7.814   -7.635   -7.605   -7.576   -7.546   -2.539    1.017    3.688    3.740   10.536
   10.566   12.064   12.738   16.245   17.507   18.271
            0.500000 -0.019245  0.598764
   -7.813   -7.635   -7.605   -7.576   -7.546   -2.538    1.019    3.680    3.734   10.581
   10.651   11.969   12.688   16.248   17.508   18.277
            0.500000 -0.009623  0.605568
   -7.813   -7.636   -7.605   -7.576   -7.546   -2.538    1.020    3.676    3.730   10.609
   10.709   11.905   12.657   16.250   17.509   18.280
            0.500000  0.000000  0.612372
   -7.813   -7.636   -7.605   -7.576   -7.546   -2.538    1.021    3.675    3.729   10.618
   10.730   11.882   12.647   16.251   17.509   18.281
            0.495833  0.007217  0.611964
   -7.813   -7.636   -7.605   -7.576   -7.546   -2.538    1.021    3.667    3.738   10.610
   10.730   11.886   12.652   16.246   17.510   18.235
            0.491667  0.014434  0.611556
   -7.813   -7.636   -7.606   -7.576   -7.546   -2.539    1.021    3.650    3.759   10.585
   10.732   11.900   12.667   16.230   17.510   18.191
            0.487500  0.021651  0.611148
   -7.813   -7.636   -7.606   -7.576   -7.546   -2.541    1.022    3.631    3.785   10.542
   10.738   11.923   12.689   16.204   17.508   18.156
            0.483333  0.028868  0.610739
   -7.813   -7.636   -7.606   -7.576   -7.546   -2.543    1.022    3.611    3.814   10.485
   10.745   11.955   12.719   16.170   17.499   18.131
            0.479167  0.036084  0.610331
   -7.813   -7.635   -7.606   -7.576   -7.546   -2.545    1.023    3.592    3.846   10.417
   10.753   11.996   12.754   16.127   17.481   18.120
            0.475000  0.043301  0.609923
   -7.813   -7.635   -7.606   -7.576   -7.546   -2.548    1.024    3.573    3.880   10.341
   10.760   12.043   12.794   16.078   17.452   18.124
            0.470833  0.050518  0.609515
   -7.813   -7.635   -7.606   -7.576   -7.546   -2.552    1.024    3.554    3.916   10.260
   10.767   12.097   12.838   16.022   17.411   18.143
            0.466667  0.057735  0.609106
   -7.813   -7.635   -7.606   -7.576   -7.545   -2.556    1.025    3.537    3.953   10.174
   10.773   12.156   12.886   15.961   17.360   18.174
            0.462500  0.064952  0.608698
   -7.813   -7.634   -7.606   -7.576   -7.545   -2.560    1.025    3.519    3.992   10.086
   10.779   12.219   12.936   15.895   17.301   18.215
            0.458333  0.072169  0.608290
   -7.814   -7.634   -7.607   -7.577   -7.545   -2.564    1.026    3.503    4.032    9.997
   10.784   12.285   12.989   15.826   17.237   18.263
            0.454167  0.079386  0.607882
   -7.814   -7.633   -7.607   -7.577   -7.545   -2.568    1.026    3.487    4.074    9.907
   10.788   12.355   13.044   15.753   17.169   18.317
            0.450000  0.086603  0.607473
   -7.814   -7.633   -7.607   -7.577   -7.545   -2.572    1.027    3.471    4.115    9.817
   10.792   12.427   13.101   15.677   17.098   18.374
            0.445833  0.093819  0.607065
   -7.814   -7.632   -7.607   -7.577   -7.544   -2.577    1.027    3.457    4.158    9.728
   10.795   12.501   13.158   15.598   17.026   18.433
            0.441667  0.101036  0.606657
   -7.814   -7.632   -7.607   -7.577   -7.544   -2.581    1.027    3.443    4.200    9.641
   10.798   12.577   13.217   15.518   16.952   18.493
            0.437500  0.108253  0.606249
   -7.814   -7.631   -7.608   -7.577   -7.544   -2.586    1.027    3.430    4.243    9.556
   10.800   12.654   13.276   15.435   16.878   18.554
            0.433333  0.115470  0.605840
   -7.815   -7.631   -7.608   -7.578   -7.544   -2.590    1.027    3.418    4.285    9.473
   10.803   12.733   13.334   15.351   16.805   18.614
            0.429167  0.122687  0.605432
   -7.815   -7.630   -7.608   -7.578   -7.544   -2.594    1.027    3.406    4.327    9.394
   10.805   12.813   13.392   15.266   16.733   18.673
            0.425000  0.129904  0.605024
   -7.815   -7.630   -7.608   -7.578   -7.543   -2.598    1.027    3.395    4.368    9.318
   10.807   12.893   13.450   15.180   16.662   18.729
            0.420833  0.137121  0.604616
   -7.815   -7.629   -7.609   -7.578   -7.543   -2.602    1.027    3.385    4.407    9.247
   10.809   12.975   13.506   15.093   16.593   18.783
            0.416667  0.144338  0.604207
   -7.815   -7.629   -7.609   -7.578   -7.543   -2.606    1.027    3.376    4.444    9.180
   10.811   13.056   13.559   15.005   16.527   18.834
            0.412500  0.151554  0.603799
   -7.815   -7.628   -7.610   -7.579   -7.543   -2.609    1.027    3.368    4.480    9.117
   10.813   13.138   13.611   14.918   16.464   18.882
            0.408333  0.158771  0.603391
   -7.815   -7.628   -7.610   -7.579   -7.543   -2.612    1.027    3.360    4.513    9.061
   10.815   13.220   13.659   14.831   16.405   18.926
            0.404167  0.165988  0.602983
   -7.816   -7.627   -7.610   -7.579   -7.543   -2.615    1.027    3.353    4.544    9.009
   10.818   13.300   13.703   14.745   16.350   18.965
            0.400000  0.173205  0.602574
   -7.816   -7.627   -7.610   -7.579   -7.542   -2.618    1.027    3.347    4.571    8.964
   10.820   13.380   13.742   14.661   16.300   19.000
            0.395833  0.180422  0.602166
   -7.816   -7.627   -7.611   -7.579   -7.543   -2.620    1.027    3.342    4.595    8.926
   10.823   13.457   13.775   14.580   16.256   19.030
            0.391667  0.187639  0.601758
   -7.816   -7.626   -7.611   -7.579   -7.542   -2.622    1.028    3.338    4.615    8.894
   10.826   13.532   13.801   14.504   16.218   19.055
            0.387500  0.194856  0.601350
   -7.816   -7.626   -7.611   -7.579   -7.542   -2.623    1.028    3.334    4.631    8.869
   10.828   13.601   13.818   14.436   16.188   19.075
            0.383333  0.202073  0.600941
   -7.816   -7.626   -7.611   -7.579   -7.542   -2.625    1.028    3.331    4.643    8.851
   10.832   13.661   13.824   14.381   16.165   19.090
            0.379167  0.209289  0.600533
   -7.816   -7.626   -7.612   -7.579   -7.542   -2.626    1.028    3.330    4.651    8.841
   10.835   13.708   13.819   14.343   16.150   19.100
            0.375000  0.216506  0.600125
   -7.816   -7.626   -7.612   -7.579   -7.542   -2.626    1.029    3.329    4.654    8.838
   10.838   13.726   13.812   14.328   16.143   19.105
            0.362500  0.209289  0.580121
   -7.812   -7.629   -7.614   -7.576   -7.545   -2.654    1.060    3.287    4.726    8.903
   11.079   13.518   13.729   14.151   15.947   19.264
            0.350000  0.202073  0.560117
   -7.808   -7.632   -7.617   -7.573   -7.546   -2.692    1.099    3.267    4.802    8.970
   11.267   13.316   13.595   14.102   15.752   19.374
            0.337500  0.194856  0.540112
   -7.804   -7.634   -7.619   -7.570   -7.548   -2.740    1.146    3.271    4.882    9.037
   11.394   13.122   13.394   14.208   15.561   19.392
            0.325000  0.187639  0.520108
   -7.801   -7.637   -7.622   -7.567   -7.550   -2.798    1.204    3.297    4.966    9.102
   11.462   12.934   13.167   14.426   15.375   19.313
            0.312500  0.180422  0.500104
   -7.797   -7.639   -7.626   -7.564   -7.552   -2.867    1.274    3.343    5.053    9.163
   11.486   12.755   12.936   14.724   15.196   19.174
            0.300000  0.173205  0.480100
   -7.794   -7.641   -7.629   -7.562   -7.554   -2.946    1.358    3.409    5.141    9.218
   11.481   12.582   12.706   15.026   15.078   19.009
            0.287500  0.165988  0.460096
   -7.790   -7.643   -7.632   -7.559   -7.556   -3.034    1.456    3.492    5.232    9.263
   11.465   12.418   12.482   14.868   15.469   18.827
            0.275000  0.158771  0.440092
   -7.786   -7.645   -7.635   -7.557   -7.557   -3.129    1.570    3.591    5.323    9.296
   11.448   12.261   12.265   14.721   15.879   18.614
            0.262500  0.151554  0.420087
   -7.782   -7.646   -7.639   -7.559   -7.555   -3.230    1.698    3.704    5.414    9.313
   11.438   12.057   12.111   14.589   16.292   18.320
            0.250000  0.144338  0.400083
   -7.778   -7.647   -7.642   -7.560   -7.554   -3.336    1.841    3.830    5.504    9.314
   11.440   11.859   11.969   14.472   16.681   17.981
            0.237500  0.137121  0.380079
   -7.774   -7.649   -7.645   -7.561   -7.553   -3.444    1.998    3.967    5.593    9.296
   11.455   11.673   11.834   14.373   16.986   17.671
            0.225000  0.129904  0.360075
   -7.769   -7.650   -7.649   -7.561   -7.552   -3.554    2.169    4.114    5.680    9.262
   11.451   11.531   11.705   14.291   17.016   17.542
            0.212500  0.122687  0.340071
   -7.764   -7.652   -7.652   -7.562   -7.552   -3.665    2.353    4.270    5.764    9.211
   11.315   11.542   11.583   14.229   16.758   17.558
            0.200000  0.115470  0.320067
   -7.759   -7.655   -7.653   -7.563   -7.552   -3.774    2.549    4.432    5.844    9.146
   11.165   11.468   11.584   14.187   16.449   17.500
            0.187500  0.108253  0.300062
   -7.753   -7.659   -7.655   -7.563   -7.552   -3.881    2.757    4.600    5.920    9.070
   11.026   11.358   11.626   14.166   16.151   17.381
            0.175000  0.101036  0.280058
   -7.747   -7.662   -7.657   -7.563   -7.552   -3.984    2.976    4.772    5.991    8.983
   10.901   11.255   11.657   14.167   15.882   17.235
            0.162500  0.093819  0.260054
   -7.741   -7.665   -7.659   -7.563   -7.553   -4.084    3.204    4.946    6.057    8.888
   10.790   11.158   11.670   14.191   15.652   17.072
            0.150000  0.086603  0.240050
   -7.735   -7.668   -7.662   -7.563   -7.553   -4.178    3.441    5.120    6.118    8.784
   10.694   11.067   11.657   14.236   15.471   16.894
            0.137500  0.079386  0.220046
   -7.729   -7.670   -7.664   -7.563   -7.554   -4.268    3.687    5.293    6.173    8.673
   10.613   10.982   11.611   14.304   15.343   16.704
            0.125000  0.072169  0.200042
   -7.723   -7.673   -7.667   -7.562   -7.555   -4.351    3.940    5.462    6.222    8.554
   10.549   10.904   11.533   14.393   15.271   16.499
            0.112500  0.064952  0.180037
   -7.717   -7.675   -7.670   -7.562   -7.555   -4.428    4.200    5.625    6.266    8.426
   10.500   10.832   11.424   14.503   15.250   16.282
            0.100000  0.057735  0.160033
   -7.711   -7.677   -7.672   -7.561   -7.556   -4.497    4.465    5.779    6.304    8.287
   10.467   10.767   11.294   14.632   15.273   16.056
            0.087500  0.050518  0.140029
   -7.706   -7.679   -7.675   -7.561   -7.556   -4.559    4.735    5.922    6.337    8.138
   10.449   10.709   11.152   14.779   15.329   15.827
            0.075000  0.043301  0.120025
   -7.701   -7.681   -7.678   -7.560   -7.557   -4.614    5.007    6.052    6.364    7.976
   10.444   10.658   11.007   14.941   15.399   15.608
            0.062500  0.036084  0.100021
   -7.696   -7.682   -7.680   -7.560   -7.557   -4.661    5.281    6.165    6.387    7.800
   10.450   10.614   10.870   15.114   15.360   15.522
            0.050000  0.028868  0.080017
   -7.693   -7.683   -7.682   -7.559   -7.558   -4.699    5.554    6.261    6.406    7.610
   10.464   10.579   10.749   15.181   15.293   15.597
            0.037500  0.021651  0.060012
   -7.690   -7.684   -7.683   -7.559   -7.558   -4.729    5.823    6.337    6.419    7.407
   10.481   10.551   10.649   15.022   15.468   15.672
            0.025000  0.014434  0.040008
   -7.687   -7.685   -7.685   -7.559   -7.558   -4.751    6.082    6.392    6.429    7.195
   10.498   10.530   10.575   14.902   15.625   15.732
            0.012500  0.007217  0.020004
   -7.686   -7.685   -7.685   -7.559   -7.559   -4.764    6.315    6.426    6.435    6.992
   10.510   10.518   10.530   14.826   15.739   15.769
            0.000000  0.000000  0.000000
   -7.686   -7.686   -7.686   -7.559   -7.559   -4.768    6.437    6.437    6.437    6.879
   10.514   10.514   10.514   14.800   15.782   15.782
            0.016667  0.009623  0.006804
   -7.686   -7.685   -7.685   -7.559   -7.559   -4.765    6.346    6.434    6.434    6.961
   10.514   10.520   10.520   14.818   15.763   15.763
            0.033333  0.019245  0.013608
   -7.687   -7.685   -7.685   -7.558   -7.558   -4.756    6.161    6.423    6.423    7.120
   10.513   10.535   10.535   14.870   15.709   15.709
            0.050000  0.028868  0.020412
   -7.688   -7.684   -7.684   -7.558   -7.558   -4.742    5.947    6.407    6.407    7.290
   10.515   10.561   10.561   14.954   15.629   15.629
            0.066667  0.038490  0.027217
   -7.690   -7.684   -7.684   -7.558   -7.558   -4.721    5.719    6.384    6.384    7.453
   10.521   10.596   10.596   15.067   15.535   15.535
            0.083333  0.048113  0.034021
   -7.693   -7.683   -7.683   -7.558   -7.558   -4.694    5.485    6.356    6.356    7.603
   10.536   10.640   10.640   15.202   15.433   15.433
            0.100000  0.057735  0.040825
   -7.696   -7.682   -7.682   -7.559   -7.559   -4.662    5.245    6.322    6.322    7.735
   10.563   10.690   10.690   15.332   15.332   15.351
            0.116667  0.067358  0.047629
   -7.699   -7.680   -7.680   -7.559   -7.559   -4.625    5.003    6.285    6.285    7.848
   10.607   10.746   10.746   15.235   15.235   15.501
            0.133333  0.076980  0.054433
   -7.703   -7.679   -7.679   -7.559   -7.559   -4.581    4.758    6.244    6.244    7.940
   10.670   10.806   10.806   15.147   15.147   15.634
            0.150000  0.086603  0.061237
   -7.707   -7.677   -7.677   -7.558   -7.558   -4.533    4.513    6.201    6.201    8.011
   10.754   10.868   10.868   15.071   15.071   15.728
            0.166667  0.096225  0.068041
   -7.711   -7.675   -7.675   -7.558   -7.558   -4.479    4.268    6.155    6.155    8.061
   10.858   10.930   10.930   15.009   15.009   15.768
            0.183333  0.105848  0.074846
   -7.716   -7.674   -7.674   -7.558   -7.558   -4.421    4.025    6.108    6.108    8.092
   10.983   10.990   10.990   14.964   14.964   15.757
            0.200000  0.115470  0.081650
   -7.721   -7.672   -7.672   -7.558   -7.558   -4.358    3.783    6.060    6.060    8.107
   11.048   11.048   11.124   14.936   14.936   15.711
            0.216667  0.125093  0.088454
   -7.725   -7.670   -7.670   -7.557   -7.557   -4.291    3.544    6.013    6.013    8.110
   11.100   11.100   11.281   14.929   14.929   15.645
            0.233333  0.134715  0.095258
   -7.731   -7.668   -7.668   -7.557   -7.557   -4.219    3.308    5.965    5.965    8.102
   11.146   11.146   11.451   14.942   14.942   15.572
            0.250000  0.144338  0.102062
   -7.736   -7.666   -7.666   -7.556   -7.556   -4.145    3.077    5.919    5.919    8.087
   11.185   11.185   11.629   14.977   14.977   15.497
            0.266667  0.153960  0.108866
   -7.741   -7.664   -7.664   -7.556   -7.556   -4.067    2.851    5.874    5.874    8.066
   11.217   11.217   11.814   15.034   15.034   15.427
            0.283333  0.163583  0.115670
   -7.746   -7.663   -7.663   -7.555   -7.555   -3.987    2.632    5.830    5.830    8.042
   11.241   11.241   12.003   15.111   15.111   15.363
            0.300000  0.173205  0.122474
   -7.751   -7.661   -7.661   -7.554   -7.554   -3.905    2.420    5.789    5.789    8.016
   11.258   11.258   12.192   15.210   15.210   15.311
            0.316667  0.182828  0.129279
   -7.755   -7.660   -7.660   -7.554   -7.554   -3.822    2.216    5.750    5.750    7.989
   11.268   11.268   12.378   15.270   15.327   15.327
            0.333333  0.192450  0.136083
   -7.760   -7.659   -7.659   -7.553   -7.553   -3.739    2.022    5.714    5.714    7.963
   11.273   11.273   12.559   15.246   15.463   15.463
            0.350000  0.202073  0.142887
   -7.764   -7.658   -7.658   -7.552   -7.552   -3.657    1.839    5.680    5.680    7.937
   11.274   11.274   12.730   15.238   15.613   15.613
            0.366667  0.211695  0.149691
   -7.768   -7.657   -7.657   -7.551   -7.551   -3.577    1.668    5.649    5.649    7.913
   11.271   11.271   12.887   15.251   15.778   15.778
            0.383333  0.221318  0.156495
   -7.771   -7.656   -7.656   -7.550   -7.550   -3.500    1.511    5.622    5.622    7.891
   11.265   11.265   13.028   15.284   15.953   15.953
            0.400000  0.230940  0.163299
   -7.774   -7.655   -7.655   -7.550   -7.550   -3.429    1.369    5.598    5.598    7.871
   11.259   11.259   13.148   15.337   16.136   16.136
            0.416667  0.240563  0.170103
   -7.777   -7.654   -7.654   -7.549   -7.549   -3.364    1.245    5.578    5.578    7.854
   11.252   11.252   13.247   15.408   16.322   16.322
            0.433333  0.250185  0.176908
   -7.779   -7.654   -7.654   -7.548   -7.548   -3.308    1.140    5.561    5.561    7.840
   11.245   11.245   13.325   15.491   16.506   16.506
            0.450000  0.259808  0.183712
   -7.781   -7.654   -7.654   -7.548   -7.548   -3.262    1.056    5.547    5.547    7.829
   11.239   11.239   13.382   15.575   16.678   16.678
            0.466667  0.269430  0.190516
   -7.782   -7.653   -7.653   -7.547   -7.547   -3.228    0.995    5.538    5.538    7.821
   11.234   11.234   13.421   15.650   16.824   16.824
            0.483333  0.279053  0.197320
   -7.783   -7.653   -7.653   -7.547   -7.547   -3.207    0.957    5.532    5.532    7.816
   11.232   11.232   13.443   15.703   16.927   16.927
            0.500000  0.288675  0.204124
   -7.783   -7.653   -7.653   -7.547   -7.547   -3.200    0.945    5.530    5.530    7.814
   11.231   11.231   13.451   15.721   16.964   16.964
            0.504167  0.276647  0.210928
   -7.783   -7.653   -7.653   -7.547   -7.547   -3.199    0.945    5.518    5.528    7.827
   11.225   11.235   13.454   15.721   16.959   16.966
            0.508333  0.264619  0.217732
   -7.784   -7.653   -7.653   -7.547   -7.547   -3.196    0.948    5.481    5.522    7.864
   11.208   11.249   13.463   15.721   16.943   16.969
            0.512500  0.252591  0.224537
   -7.784   -7.653   -7.652   -7.548   -7.547   -3.190    0.951    5.422    5.511    7.923
   11.182   11.272   13.477   15.721   16.919   16.973
            0.516667  0.240563  0.231341
   -7.784   -7.652   -7.652   -7.548   -7.547   -3.183    0.957    5.345    5.497    8.001
   11.147   11.304   13.493   15.724   16.886   16.972
            0.520833  0.228534  0.238145
   -7.784   -7.652   -7.651   -7.549   -7.547   -3.173    0.963    5.253    5.479    8.092
   11.106   11.345   13.507   15.730   16.846   16.963
            0.525000  0.216506  0.244949
   -7.785   -7.652   -7.650   -7.549   -7.547   -3.162    0.971    5.150    5.457    8.194
   11.062   11.394   13.518   15.739   16.800   16.944
            0.529167  0.204478  0.251753
   -7.785   -7.651   -7.649   -7.550   -7.547   -3.148    0.980    5.038    5.432    8.302
   11.017   11.451   13.521   15.751   16.750   16.917
            0.533333  0.192450  0.258557
   -7.786   -7.651   -7.647   -7.551   -7.547   -3.132    0.990    4.921    5.404    8.413
   10.973   11.517   13.516   15.762   16.697   16.889
            0.537500  0.180422  0.265361
   -7.787   -7.650   -7.646   -7.552   -7.547   -3.115    1.001    4.800    5.373    8.523
   10.933   11.590   13.501   15.766   16.642   16.871
            0.541667  0.168394  0.272166
   -7.787   -7.649   -7.645   -7.553   -7.547   -3.095    1.013    4.677    5.340    8.631
   10.899   11.669   13.475   15.756   16.585   16.875
            0.545833  0.156366  0.278970
   -7.788   -7.649   -7.643   -7.555   -7.547   -3.074    1.025    4.554    5.305    8.731
   10.875   11.756   13.440   15.728   16.529   16.908
            0.550000  0.144338  0.285774
   -7.789   -7.648   -7.641   -7.556   -7.547   -3.052    1.038    4.432    5.268    8.823
   10.862   11.848   13.397   15.679   16.472   16.976
            0.554167  0.132309  0.292578
   -7.790   -7.647   -7.639   -7.557   -7.547   -3.028    1.050    4.312    5.230    8.902
   10.862   11.946   13.347   15.613   16.417   17.075
            0.558333  0.120281  0.299382
   -7.792   -7.646   -7.637   -7.559   -7.547   -3.002    1.062    4.194    5.190    8.967
   10.876   12.050   13.293   15.533   16.364   17.201
            0.562500  0.108253  0.306186
   -7.793   -7.645   -7.636   -7.560   -7.547   -2.976    1.074    4.081    5.150    9.016
   10.904   12.158   13.237   15.444   16.313   17.348
            0.566667  0.096225  0.312990
   -7.794   -7.643   -7.633   -7.562   -7.547   -2.948    1.084    3.973    5.110    9.050
   10.944   12.270   13.182   15.350   16.264   17.513
            0.570833  0.084197  0.319794
   -7.796   -7.642   -7.631   -7.563   -7.547   -2.920    1.093    3.871    5.069    9.070
   10.994   12.385   13.132   15.254   16.219   17.691
            0.575000  0.072169  0.326599
   -7.798   -7.641   -7.629   -7.564   -7.547   -2.891    1.100    3.775    5.028    9.077
   11.048   12.503   13.090   15.156   16.177   17.878
            0.579167  0.060141  0.333403
   -7.799   -7.639   -7.627   -7.566   -7.547   -2.862    1.106    3.687    4.988    9.073
   11.100   12.624   13.061   15.059   16.140   18.070
            0.583333  0.048113  0.340207
   -7.801   -7.638   -7.625   -7.568   -7.547   -2.832    1.108    3.608    4.948    9.061
   11.145   12.745   13.049   14.964   16.107   18.262
            0.587500  0.036084  0.347011
   -7.803   -7.637   -7.623   -7.569   -7.546   -2.803    1.108    3.537    4.910    9.043
   11.177   12.868   13.059   14.871   16.080   18.450
            0.591667  0.024056  0.353815
   -7.805   -7.635   -7.622   -7.570   -7.546   -2.775    1.105    3.476    4.872    9.020
   11.191   12.990   13.092   14.781   16.059   18.626
            0.595833  0.012028  0.360619
   -7.806   -7.634   -7.620   -7.572   -7.546   -2.747    1.099    3.426    4.835    8.994
   11.185   13.110   13.151   14.694   16.046   18.782
            0.600000  0.000000  0.367423
   -7.808   -7.632   -7.618   -7.573   -7.545   -2.721    1.090    3.385    4.800    8.967
   11.159   13.228   13.234   14.612   16.040   18.910
            0.604167 -0.012028  0.374228
   -7.810   -7.631   -7.616   -7.575   -7.545   -2.697    1.080    3.355    4.766    8.939
   11.116   13.337   13.343   14.535   16.043   19.008
            0.608333 -0.024056  0.381032
   -7.811   -7.629   -7.615   -7.576   -7.544   -2.675    1.067    3.335    4.734    8.911
   11.057   13.452   13.454   14.466   16.055   19.073
            0.612500 -0.036084  0.387836
   -7.813   -7.628   -7.614   -7.577   -7.544   -2.655    1.054    3.325    4.704    8.884
   10.986   13.555   13.579   14.407   16.078   19.106
            0.616667 -0.048113  0.394640
   -7.815   -7.627   -7.612   -7.578   -7.543   -2.639    1.040    3.325    4.676    8.858
   10.907   13.650   13.701   14.367   16.113   19.110
            0.620833 -0.060141  0.401444
   -7.816   -7.626   -7.611   -7.579   -7.542   -2.626    1.028    3.334    4.650    8.834
   10.821   13.737   13.801   14.361   16.160   19.086
            0.625000 -0.072169  0.408248
   -7.817   -7.625   -7.611   -7.580   -7.542   -2.617    1.017    3.351    4.626    8.811
   10.730   13.814   13.857   14.407   16.220   19.037
            0.620833 -0.069763  0.415052
   -7.817   -7.625   -7.611   -7.580   -7.542   -2.616    1.017    3.351    4.624    8.815
   10.730   13.794   13.860   14.421   16.224   19.034
            0.616667 -0.067358  0.421857
   -7.817   -7.625   -7.611   -7.580   -7.542   -2.616    1.017    3.353    4.617    8.826
   10.730   13.748   13.857   14.459   16.236   19.026
            0.612500 -0.064952  0.428661
   -7.817   -7.625   -7.610   -7.580   -7.542   -2.615    1.017    3.355    4.606    8.845
   10.731   13.687   13.844   14.515   16.256   19.013
            0.608333 -0.062546  0.435465
   -7.817   -7.625   -7.610   -7.580   -7.542   -2.614    1.018    3.358    4.591    8.871
   10.732   13.616   13.823   14.582   16.284   18.995
            0.604167 -0.060141  0.442269
   -7.817   -7.625   -7.610   -7.580   -7.542   -2.612    1.018    3.361    4.572    8.904
   10.733   13.540   13.794   14.656   16.319   18.972
            0.600000 -0.057735  0.449073
   -7.817   -7.626   -7.610   -7.580   -7.542   -2.610    1.018    3.366    4.549    8.944
   10.735   13.459   13.758   14.735   16.360   18.943
            0.595833 -0.055329  0.455877
   -7.817   -7.626   -7.609   -7.580   -7.542   -2.608    1.019    3.371    4.522    8.990
   10.736   13.377   13.718   14.816   16.406   18.911
            0.591667 -0.052924  0.462681
   -7.816   -7.627   -7.609   -7.580   -7.542   -2.606    1.019    3.377    4.493    9.042
   10.738   13.293   13.672   14.899   16.458   18.873
            0.587500 -0.050518  0.469486
   -7.816   -7.627   -7.609   -7.579   -7.542   -2.603    1.020    3.384    4.461    9.100
   10.740   13.208   13.623   14.983   16.514   18.832
            0.583333 -0.048113  0.476290
   -7.816   -7.628   -7.609   -7.579   -7.543   -2.600    1.020    3.392    4.426    9.163
   10.742   13.122   13.571   15.067   16.574   18.787
            0.579167 -0.045707  0.483094
   -7.816   -7.629   -7.608   -7.579   -7.543   -2.597    1.021    3.400    4.389    9.231
   10.744   13.037   13.517   15.151   16.638   18.738
            0.575000 -0.043301  0.489898
   -7.816   -7.629   -7.608   -7.579   -7.543   -2.593    1.021    3.410    4.351    9.303
   10.746   12.952   13.460   15.235   16.703   18.686
            0.570833 -0.040896  0.496702
   -7.815   -7.630   -7.608   -7.578   -7.543   -2.590    1.022    3.420    4.311    9.380
   10.749   12.868   13.402   15.317   16.771   18.633
            0.566667 -0.038490  0.503506
   -7.815   -7.630   -7.608   -7.578   -7.543   -2.586    1.022    3.430    4.271    9.460
   10.751   12.784   13.343   15.399   16.841   18.577
            0.562500 -0.036084  0.510310
   -7.815   -7.631   -7.607   -7.578   -7.544   -2.582    1.023    3.442    4.229    9.544
   10.752   12.702   13.283   15.479   16.911   18.520
            0.558333 -0.033679  0.517115
   -7.815   -7.631   -7.607   -7.578   -7.544   -2.578    1.023    3.454    4.188    9.630
   10.754   12.621   13.224   15.558   16.982   18.463
            0.554167 -0.031273  0.523919
   -7.814   -7.632   -7.607   -7.577   -7.544   -2.574    1.023    3.467    4.146    9.718
   10.755   12.541   13.165   15.635   17.053   18.406
            0.550000 -0.028868  0.530723
   -7.814   -7.633   -7.607   -7.577   -7.544   -2.570    1.024    3.481    4.104    9.808
   10.756   12.463   13.106   15.710   17.122   18.350
            0.545833 -0.026462  0.537527
   -7.814   -7.633   -7.607   -7.577   -7.545   -2.566    1.024    3.496    4.063    9.899
   10.756   12.388   13.049   15.782   17.190   18.297
            0.541667 -0.024056  0.544331
   -7.814   -7.634   -7.606   -7.577   -7.545   -2.562    1.024    3.511    4.023    9.990
   10.756   12.314   12.993   15.851   17.255   18.247
            0.537500 -0.021651  0.551135
   -7.814   -7.634   -7.606   -7.577   -7.545   -2.558    1.024    3.527    3.984   10.081
   10.755   12.244   12.939   15.917   17.316   18.202
            0.533333 -0.019245  0.557939
   -7.813   -7.634   -7.606   -7.576   -7.545   -2.554    1.023    3.543    3.946   10.170
   10.753   12.177   12.888   15.979   17.371   18.165
            0.529167 -0.016839  0.564743
   -7.813   -7.635   -7.606   -7.576   -7.546   -2.551    1.023    3.560    3.910   10.257
   10.751   12.115   12.840   16.037   17.419   18.138
            0.525000 -0.014434  0.571548
   -7.813   -7.635   -7.606   -7.576   -7.546   -2.548    1.023    3.578    3.875   10.340
   10.747   12.058   12.795   16.089   17.457   18.123
            0.520833 -0.012028  0.578352
   -7.813   -7.635   -7.606   -7.576   -7.546   -2.545    1.022    3.596    3.842   10.416
   10.743   12.006   12.754   16.136   17.484   18.121
            0.516667 -0.009623  0.585156
   -7.813   -7.635   -7.606   -7.576   -7.546   -2.542    1.022    3.615    3.811   10.485
   10.738   11.963   12.719   16.176   17.500   18.134
            0.512500 -0.007217  0.591960
   -7.813   -7.636   -7.606   -7.576   -7.546   -2.540    1.021    3.633    3.783   10.542
   10.733   11.927   12.689   16.208   17.508   18.159
            0.508333 -0.004811  0.598764
   -7.813   -7.636   -7.606   -7.576   -7.546   -2.539    1.021    3.651    3.757   10.585
   10.729   11.902   12.667   16.231   17.510   18.195
            0.504167 -0.002406  0.605568
   -7.813   -7.636   -7.605   -7.576   -7.546   -2.538    1.021    3.667    3.737   10.611
   10.729   11.887   12.652   16.246   17.510   18.237
            0.500000  0.000000  0.612372
   -7.813   -7.636   -7.605   -7.576   -7.546   -2.538    1.021    3.675    3.729   10.618
   10.730   11.882   12.647   16.251   17.509   18.281
            0.500000  0.009623  0.598764
   -7.813   -7.636   -7.606   -7.576   -7.546   -2.540    1.022    3.637    3.772   10.590
   10.752   11.872   12.669   16.214   17.515   18.160
            0.500000  0.019245  0.585156
   -7.812   -7.636   -7.606   -7.575   -7.546   -2.547    1.028    3.588    3.840   10.534
   10.791   11.849   12.730   16.109   17.528   18.060
            0.500000  0.028868  0.571548
   -7.812   -7.636   -7.606   -7.575   -7.546   -2.559    1.036    3.545    3.913   10.471
   10.825   11.823   12.821   15.953   17.541   17.982
            0.500000  0.038490  0.557939
   -7.811   -7.637   -7.607   -7.575   -7.546   -2.575    1.046    3.510    3.991   10.404
   10.845   11.806   12.934   15.761   17.546   17.922
            0.500000  0.048113  0.544331
   -7.810   -7.637   -7.608   -7.574   -7.546   -2.594    1.058    3.485    4.072   10.334
   10.850   11.804   13.062   15.546   17.539   17.879
            0.500000  0.057735  0.530723
   -7.809   -7.638   -7.609   -7.574   -7.547   -2.618    1.071    3.470    4.156   10.263
   10.839   11.821   13.201   15.319   17.519   17.848
            0.500000  0.067358  0.517115
   -7.808   -7.638   -7.610   -7.573   -7.547   -2.644    1.084    3.467    4.242   10.190
   10.815   11.856   13.348   15.086   17.487   17.827
            0.500000  0.076980  0.503506
   -7.807   -7.639   -7.612   -7.572   -7.547   -2.673    1.095    3.477    4.328   10.115
   10.783   11.905   13.501   14.853   17.447   17.810
            0.500000  0.086603  0.489898
   -7.805   -7.640   -7.614   -7.571   -7.547   -2.704    1.105    3.499    4.415   10.035
   10.749   11.963   13.658   14.626   17.401   17.795
            0.500000  0.096225  0.476290
   -7.804   -7.641   -7.616   -7.570   -7.547   -2.737    1.111    3.534    4.502    9.952
   10.715   12.026   13.812   14.413   17.350   17.777
            0.500000  0.105848  0.462681
   -7.802   -7.641   -7.618   -7.569   -7.548   -2.771    1.115    3.582    4.589    9.864
   10.686   12.088   13.934   14.248   17.296   17.756
            0.500000  0.115470  0.449073
   -7.801   -7.642   -7.620   -7.567   -7.548   -2.806    1.115    3.644    4.674    9.771
   10.663   12.145   13.900   14.257   17.239   17.729
            0.500000  0.125093  0.435465
   -7.799   -7.643   -7.623   -7.566   -7.548   -2.841    1.113    3.718    4.757    9.673
   10.649   12.189   13.757   14.400   17.177   17.693
            0.500000  0.134715  0.421857
   -7.797   -7.644   -7.626   -7.564   -7.548   -2.875    1.107    3.804    4.838    9.569
   10.643   12.214   13.620   14.569   17.110   17.645
            0.500000  0.144338  0.408248
   -7.796   -7.645   -7.628   -7.563   -7.548   -2.910    1.098    3.900    4.917    9.460
   10.647   12.212   13.514   14.743   17.035   17.580
            0.500000  0.153960  0.394640
   -7.794   -7.646   -7.631   -7.561   -7.548   -2.943    1.087    4.007    4.992    9.345
   10.659   12.178   13.446   14.919   16.951   17.502
            0.500000  0.163583  0.381032
   -7.793   -7.647   -7.634   -7.560   -7.548   -2.975    1.075    4.122    5.063    9.225
   10.680   12.114   13.415   15.093   16.857   17.417
            0.500000  0.173205  0.367423
   -7.791   -7.648   -7.636   -7.558   -7.548   -3.006    1.061    4.244    5.130    9.101
   10.710   12.026   13.414   15.261   16.758   17.335
            0.500000  0.182828  0.353815
   -7.790   -7.648   -7.639   -7.557   -7.548   -3.035    1.047    4.373    5.192    8.971
   10.748   11.926   13.432   15.418   16.662   17.264
            0.500000  0.192450  0.340207
   -7.789   -7.649   -7.641   -7.555   -7.547   -3.062    1.032    4.507    5.250    8.838
   10.792   11.821   13.458   15.556   16.583   17.203
            0.500000  0.202073  0.326599
   -7.788   -7.650   -7.643   -7.554   -7.547   -3.087    1.018    4.643    5.303    8.703
   10.842   11.717   13.485   15.661   16.539   17.153
            0.500000  0.211695  0.312990
   -7.787   -7.650   -7.645   -7.553   -7.547   -3.110    1.004    4.781    5.350    8.566
   10.897   11.620   13.507   15.724   16.543   17.110
            0.500000  0.221318  0.299382
   -7.786   -7.651   -7.647   -7.551   -7.547   -3.131    0.991    4.917    5.392    8.430
   10.954   11.531   13.520   15.747   16.595   17.074
            0.500000  0.230940  0.285774
   -7.785   -7.651   -7.649   -7.550   -7.547   -3.149    0.979    5.050    5.429    8.297
   11.012   11.452   13.523   15.746   16.674   17.044
            0.500000  0.240563  0.272166
   -7.785   -7.652   -7.650   -7.549   -7.547   -3.164    0.969    5.176    5.460    8.171
   11.069   11.385   13.517   15.736   16.759   17.020
            0.500000  0.250185  0.258557
   -7.784   -7.652   -7.651   -7.548   -7.547   -3.177    0.961    5.290    5.485    8.056
   11.121   11.329   13.502   15.727   16.836   17.000
            0.500000  0.259808  0.244949
   -7.784   -7.653   -7.652   -7.548   -7.547   -3.187    0.954    5.389    5.505    7.957
   11.166   11.286   13.484   15.722   16.895   16.984
            0.500000  0.269430  0.231341
   -7.784   -7.653   -7.653   -7.548   -7.547   -3.194    0.949    5.465    5.519    7.880
   11.201   11.255   13.467   15.721   16.935   16.973
            0.500000  0.279053  0.217732
   -7.783   -7.653   -7.653   -7.547   -7.547   -3.199    0.946    5.514    5.528    7.831
   11.223   11.237   13.455   15.721   16.957   16.966
            0.500000  0.288675  0.204124
   -7.783   -7.653   -7.653   -7.547   -7.547   -3.200    0.945    5.530    5.530    7.814
   11.231   11.231   13.451   15.721   16.964   16.964
            0.495833  0.286270  0.217324
   -7.783   -7.653   -7.653   -7.547   -7.547   -3.199    0.945    5.518    5.528    7.826
   11.225   11.235   13.454   15.721   16.959   16.966
            0.491667  0.283864  0.230524
   -7.784   -7.653   -7.653   -7.547   -7.547   -3.196    0.947    5.483    5.522    7.862
   11.209   11.248   13.463   15.721   16.944   16.970
            0.487500  0.281458  0.243724
   -7.784   -7.653   -7.652   -7.548   -7.547   -3.191    0.951    5.427    5.513    7.918
   11.184   11.270   13.476   15.721   16.919   16.974
            0.483333  0.279053  0.256924
   -7.784   -7.652   -7.652   -7.548   -7.547   -3.184    0.956    5.354    5.499    7.992
   11.151   11.300   13.491   15.724   16.887   16.975
            0.479167  0.276647  0.270124
   -7.784   -7.652   -7.651   -7.549   -7.547   -3.175    0.962    5.266    5.482    8.079
   11.113   11.338   13.506   15.730   16.847   16.969
            0.475000  0.274241  0.283324
   -7.785   -7.652   -7.650   -7.549   -7.547   -3.164    0.970    5.166    5.461    8.177
   11.070   11.385   13.517   15.739   16.802   16.952
            0.470833  0.271836  0.296524
   -7.785   -7.651   -7.649   -7.550   -7.547   -3.151    0.978    5.059    5.438    8.281
   11.026   11.439   13.522   15.751   16.752   16.926
            0.466667  0.269430  0.309724
   -7.786   -7.651   -7.648   -7.551   -7.547   -3.136    0.988    4.946    5.411    8.389
   10.983   11.501   13.519   15.763   16.699   16.897
            0.462500  0.267024  0.322924
   -7.786   -7.650   -7.646   -7.552   -7.547   -3.119    0.999    4.828    5.382    8.497
   10.943   11.570   13.506   15.770   16.644   16.875
            0.458333  0.264619  0.336124
   -7.787   -7.650   -7.645   -7.553   -7.547   -3.101    1.010    4.709    5.351    8.602
   10.909   11.646   13.485   15.765   16.587   16.870
            0.454167  0.262213  0.349324
   -7.788   -7.649   -7.643   -7.554   -7.547   -3.081    1.022    4.589    5.317    8.703
   10.882   11.728   13.454   15.743   16.530   16.893
            0.450000  0.259808  0.362524
   -7.789   -7.648   -7.642   -7.556   -7.547   -3.059    1.034    4.469    5.282    8.795
   10.866   11.816   13.415   15.701   16.473   16.948
            0.445833  0.257402  0.375725
   -7.790   -7.647   -7.640   -7.557   -7.547   -3.036    1.046    4.351    5.246    8.876
   10.862   11.909   13.369   15.641   16.418   17.033
            0.441667  0.254996  0.388925
   -7.791   -7.646   -7.638   -7.558   -7.547   -3.012    1.058    4.235    5.208    8.945
   10.871   12.007   13.319   15.566   16.363   17.147
            0.437500  0.252591  0.402125
   -7.792   -7.645   -7.636   -7.559   -7.547   -2.987    1.070    4.123    5.169    8.999
   10.893   12.110   13.266   15.480   16.311   17.283
            0.433333  0.250185  0.415325
   -7.794   -7.644   -7.634   -7.561   -7.547   -2.960    1.080    4.015    5.131    9.039
   10.928   12.217   13.213   15.388   16.261   17.438
            0.429167  0.247779  0.428525
   -7.795   -7.643   -7.632   -7.562   -7.547   -2.933    1.090    3.913    5.091    9.064
   10.974   12.327   13.163   15.292   16.213   17.607
            0.425000  0.245374  0.441725
   -7.797   -7.641   -7.630   -7.564   -7.547   -2.905    1.098    3.816    5.052    9.077
   11.025   12.441   13.119   15.195   16.170   17.786
            0.420833  0.242968  0.454925
   -7.798   -7.640   -7.628   -7.565   -7.547   -2.877    1.104    3.727    5.013    9.079
   11.079   12.556   13.085   15.097   16.130   17.972
            0.416667  0.240563  0.468125
   -7.800   -7.639   -7.627   -7.567   -7.547   -2.849    1.108    3.644    4.974    9.072
   11.128   12.673   13.065   15.000   16.095   18.161
            0.412500  0.238157  0.481325
   -7.802   -7.638   -7.625   -7.568   -7.547   -2.820    1.109    3.570    4.937    9.057
   11.169   12.791   13.063   14.905   16.064   18.349
            0.408333  0.235751  0.494525
   -7.803   -7.636   -7.623   -7.569   -7.546   -2.792    1.108    3.505    4.900    9.038
   11.195   12.909   13.082   14.813   16.040   18.531
            0.404167  0.233346  0.507725
   -7.805   -7.635   -7.621   -7.571   -7.546   -2.765    1.104    3.450    4.864    9.015
   11.204   13.026   13.124   14.723   16.021   18.699
            0.400000  0.230940  0.520925
   -7.807   -7.633   -7.619   -7.572   -7.546   -2.739    1.098    3.403    4.829    8.990
   11.194   13.141   13.189   14.637   16.010   18.847
            0.395833  0.228534  0.534125
   -7.808   -7.632   -7.618   -7.573   -7.545   -2.714    1.089    3.367    4.796    8.964
   11.166   13.253   13.276   14.556   16.007   18.967
            0.391667  0.226129  0.547325
   -7.810   -7.631   -7.616   -7.575   -7.545   -2.691    1.078    3.341    4.764    8.937
   11.122   13.361   13.380   14.480   16.013   19.056
            0.387500  0.223723  0.560525
   -7.812   -7.629   -7.615   -7.576   -7.544   -2.671    1.066    3.324    4.734    8.910
   11.065   13.463   13.497   14.411   16.029   19.113
            0.383333  0.221318  0.573725
   -7.813   -7.628   -7.614   -7.577   -7.544   -2.653    1.053    3.317    4.705    8.885
   10.997   13.559   13.617   14.356   16.055   19.139
            0.379167  0.218912  0.586925
   -7.814   -7.627   -7.613   -7.578   -7.543   -2.638    1.040    3.318    4.679    8.860
   10.921   13.647   13.730   14.322   16.093   19.135
            0.375000  0.216506  0.600125
   -7.816   -7.626   -7.612   -7.579   -7.542   -2.626    1.029    3.329    4.654    8.838
   10.838   13.726   13.812   14.328   16.143   19.105
            0.379167  0.199667  0.593729
   -7.815   -7.627   -7.612   -7.578   -7.543   -2.633    1.038    3.314    4.668    8.874
   10.921   13.587   13.799   14.307   16.097   19.150
            0.383333  0.182828  0.587333
   -7.813   -7.628   -7.613   -7.577   -7.544   -2.640    1.049    3.305    4.665    8.939
   10.999   13.376   13.769   14.351   16.084   19.174
            0.387500  0.165988  0.580937
   -7.812   -7.630   -7.613   -7.576   -7.545   -2.646    1.059    3.302    4.646    9.033
   11.069   13.142   13.717   14.427   16.103   19.180
            0.391667  0.149149  0.574541
   -7.811   -7.632   -7.613   -7.575   -7.545   -2.651    1.070    3.304    4.614    9.151
   11.127   12.900   13.651   14.516   16.149   19.170
            0.395833  0.132309  0.568146
   -7.809   -7.634   -7.613   -7.574   -7.546   -2.655    1.081    3.312    4.572    9.292
   11.171   12.658   13.581   14.612   16.218   19.145
            0.400000  0.115470  0.561750
   -7.809   -7.635   -7.612   -7.573   -7.547   -2.659    1.091    3.325    4.522    9.450
   11.195   12.421   13.518   14.710   16.305   19.108
            0.404167  0.098631  0.555354
   -7.808   -7.637   -7.612   -7.573   -7.547   -2.661    1.101    3.343    4.466    9.620
   11.194   12.192   13.470   14.809   16.405   19.060
            0.408333  0.081791  0.548958
   -7.807   -7.638   -7.612   -7.572   -7.548   -2.663    1.109    3.366    4.408    9.797
   11.164   11.981   13.442   14.907   16.515   18.999
            0.412500  0.064952  0.542562
   -7.807   -7.638   -7.611   -7.572   -7.548   -2.664    1.115    3.395    4.350    9.972
   11.099   11.798   13.439   15.002   16.631   18.926
            0.416667  0.048113  0.536166
   -7.807   -7.639   -7.611   -7.573   -7.547   -2.664    1.120    3.428    4.294   10.129
   10.995   11.661   13.461   15.095   16.750   18.840
            0.420833  0.031273  0.529770
   -7.808   -7.638   -7.610   -7.573   -7.547   -2.663    1.122    3.465    4.242   10.249
   10.854   11.592   13.507   15.185   16.871   18.744
            0.425000  0.014434  0.523374
   -7.809   -7.637   -7.610   -7.574   -7.546   -2.662    1.122    3.506    4.195   10.306
   10.687   11.609   13.573   15.272   16.991   18.640
            0.429167 -0.002406  0.516978
   -7.811   -7.636   -7.609   -7.576   -7.545   -2.660    1.119    3.551    4.154   10.287
   10.509   11.711   13.657   15.355   17.107   18.533
            0.433333 -0.019245  0.510583
   -7.812   -7.634   -7.609   -7.577   -7.544   -2.657    1.113    3.599    4.120   10.194
   10.341   11.882   13.754   15.433   17.218   18.424
            0.437500 -0.036084  0.504187
   -7.814   -7.632   -7.608   -7.579   -7.543   -2.654    1.104    3.651    4.095   10.041
   10.195   12.097   13.863   15.508   17.321   18.317
            0.441667 -0.052924  0.497791
   -7.816   -7.629   -7.608   -7.580   -7.541   -2.650    1.091    3.704    4.077    9.861
   10.056   12.341   13.979   15.577   17.413   18.215
            0.445833 -0.069763  0.491395
   -7.819   -7.626   -7.607   -7.582   -7.540   -2.646    1.077    3.759    4.068    9.678
    9.914   12.603   14.102   15.641   17.492   18.121
            0.450000 -0.086603  0.484999
   -7.821   -7.623   -7.606   -7.584   -7.539   -2.641    1.060    3.816    4.066    9.497
    9.771   12.875   14.229   15.700   17.552   18.042
            0.454167 -0.103442  0.478603
   -7.824   -7.620   -7.606   -7.585   -7.537   -2.637    1.041    3.873    4.071    9.324
    9.629   13.154   14.359   15.752   17.584   17.987
            0.458333 -0.120281  0.472207
   -7.826   -7.617   -7.605   -7.587   -7.536   -2.632    1.021    3.929    4.082    9.159
    9.490   13.436   14.491   15.796   17.579   17.964
            0.462500 -0.137121  0.465811
   -7.829   -7.614   -7.605   -7.589   -7.535   -2.627    1.000    3.984    4.099    9.005
    9.356   13.717   14.625   15.832   17.543   17.971
            0.466667 -0.153960  0.459415
   -7.831   -7.611   -7.604   -7.590   -7.534   -2.622    0.979    4.037    4.120    8.862
    9.231   13.993   14.759   15.858   17.491   17.994
            0.470833 -0.170799  0.453020
   -7.833   -7.608   -7.604   -7.592   -7.533   -2.618    0.959    4.086    4.144    8.732
    9.115   14.262   14.895   15.873   17.435   18.020
            0.475000 -0.187639  0.446624
   -7.835   -7.606   -7.603   -7.593   -7.532   -2.614    0.941    4.132    4.169    8.616
    9.010   14.516   15.032   15.875   17.381   18.045
            0.479167 -0.204478  0.440228
   -7.837   -7.604   -7.603   -7.594   -7.532   -2.610    0.924    4.172    4.195    8.516
    8.918   14.748   15.172   15.863   17.333   18.066
            0.483333 -0.221318  0.433832
   -7.838   -7.602   -7.602   -7.595   -7.531   -2.607    0.909    4.206    4.218    8.431
    8.841   14.950   15.315   15.838   17.290   18.082
            0.487500 -0.238157  0.427436
   -7.839   -7.602   -7.600   -7.596   -7.530   -2.604    0.897    4.233    4.238    8.365
    8.779   15.117   15.455   15.801   17.254   18.092
            0.491667 -0.254996  0.421040
   -7.840   -7.601   -7.599   -7.597   -7.530   -2.602    0.889    4.252    4.254    8.316
    8.733   15.247   15.577   15.756   17.225   18.097
            0.495833 -0.271836  0.414644
   -7.840   -7.600   -7.598   -7.598   -7.529   -2.601    0.883    4.264    4.265    8.287
    8.706   15.339   15.662   15.713   17.206   18.099
            0.500000 -0.288675  0.408248
   -7.840   -7.600   -7.598   -7.598   -7.529   -2.601    0.882    4.268    4.268    8.277
    8.697   15.375   15.692   15.692   17.199   18.100
