 &plot nbnd=  26, nks=    81 /
            0.500000  0.288675  0.204124
   -8.840   -8.840   -8.819   -8.819   -8.401   -8.401   -8.367   -8.367   -8.332   -8.332
   -4.640   -4.640   -0.254   -0.254    4.953    4.953    5.156    5.156    6.985    6.985
   10.692   10.692   10.786   10.786   13.872   13.872
            0.475000  0.274241  0.193918
   -8.840   -8.840   -8.819   -8.818   -8.401   -8.401   -8.367   -8.367   -8.332   -8.331
   -4.656   -4.656   -0.224   -0.224    4.958    4.958    5.160    5.161    6.990    6.990
   10.694   10.694   10.789   10.789   13.871   13.871
            0.450000  0.259808  0.183712
   -8.840   -8.840   -8.820   -8.818   -8.401   -8.401   -8.366   -8.366   -8.333   -8.331
   -4.704   -4.704   -0.135   -0.135    4.972    4.972    5.174    5.175    7.005    7.005
   10.700   10.700   10.796   10.796   13.864   13.864
            0.425000  0.245374  0.173506
   -8.839   -8.839   -8.820   -8.818   -8.401   -8.401   -8.366   -8.366   -8.334   -8.331
   -4.778   -4.778    0.009    0.009    4.995    4.995    5.197    5.199    7.029    7.029
   10.709   10.709   10.807   10.807   13.840   13.840
            0.400000  0.230940  0.163299
   -8.838   -8.838   -8.821   -8.818   -8.401   -8.401   -8.365   -8.365   -8.335   -8.332
   -4.875   -4.875    0.203    0.203    5.028    5.028    5.230    5.231    7.063    7.063
   10.718   10.718   10.819   10.820   13.770   13.770
            0.375000  0.216506  0.153093
   -8.837   -8.837   -8.821   -8.818   -8.400   -8.400   -8.365   -8.365   -8.336   -8.332
   -4.987   -4.987    0.439    0.439    5.069    5.069    5.271    5.273    7.106    7.106
   10.726   10.726   10.830   10.832   13.616   13.616
            0.350000  0.202073  0.142887
   -8.836   -8.836   -8.822   -8.818   -8.400   -8.400   -8.364   -8.364   -8.337   -8.333
   -5.109   -5.109    0.712    0.712    5.118    5.118    5.320    5.323    7.157    7.157
   10.728   10.728   10.837   10.838   13.357   13.357
            0.325000  0.187639  0.132681
   -8.835   -8.835   -8.822   -8.818   -8.400   -8.400   -8.363   -8.363   -8.339   -8.334
   -5.236   -5.236    1.016    1.016    5.176    5.176    5.378    5.381    7.215    7.215
   10.721   10.721   10.834   10.836   13.020   13.020
            0.300000  0.173205  0.122474
   -8.834   -8.834   -8.822   -8.818   -8.399   -8.399   -8.362   -8.362   -8.340   -8.335
   -5.365   -5.365    1.347    1.347    5.240    5.240    5.444    5.447    7.278    7.278
   10.700   10.700   10.819   10.821   12.642   12.642
            0.275000  0.158771  0.112268
   -8.832   -8.832   -8.823   -8.818   -8.398   -8.398   -8.360   -8.360   -8.342   -8.336
   -5.490   -5.490    1.701    1.701    5.312    5.312    5.516    5.519    7.345    7.345
   10.662   10.662   10.786   10.788   12.248   12.248
            0.250000  0.144338  0.102062
   -8.831   -8.831   -8.823   -8.818   -8.398   -8.398   -8.359   -8.359   -8.343   -8.337
   -5.611   -5.611    2.074    2.074    5.388    5.388    5.593    5.597    7.412    7.412
   10.605   10.605   10.732   10.735   11.854   11.854
            0.225000  0.129904  0.091856
   -8.830   -8.830   -8.824   -8.818   -8.397   -8.397   -8.358   -8.358   -8.344   -8.339
   -5.725   -5.725    2.463    2.463    5.469    5.469    5.675    5.679    7.475    7.475
   10.528   10.528   10.659   10.661   11.470   11.470
            0.200000  0.115470  0.081650
   -8.829   -8.829   -8.824   -8.819   -8.396   -8.396   -8.356   -8.356   -8.345   -8.340
   -5.830   -5.830    2.865    2.865    5.553    5.553    5.760    5.764    7.525    7.525
   10.434   10.434   10.566   10.568   11.104   11.104
            0.175000  0.101036  0.071443
   -8.827   -8.827   -8.824   -8.819   -8.396   -8.396   -8.355   -8.355   -8.346   -8.341
   -5.926   -5.926    3.278    3.278    5.638    5.638    5.846    5.850    7.554    7.554
   10.326   10.326   10.460   10.461   10.767   10.767
            0.150000  0.086603  0.061237
   -8.826   -8.826   -8.824   -8.820   -8.395   -8.395   -8.353   -8.353   -8.347   -8.343
   -6.010   -6.010    3.698    3.698    5.721    5.721    5.931    5.934    7.546    7.546
   10.210   10.210   10.345   10.347   10.473   10.473
            0.125000  0.072169  0.051031
   -8.825   -8.825   -8.824   -8.820   -8.394   -8.394   -8.352   -8.352   -8.348   -8.344
   -6.083   -6.083    4.123    4.123    5.800    5.800    6.011    6.014    7.487    7.487
   10.087   10.087   10.231   10.232   10.240   10.240
            0.100000  0.057735  0.040825
   -8.824   -8.824   -8.824   -8.821   -8.394   -8.394   -8.351   -8.351   -8.348   -8.345
   -6.143   -6.143    4.549    4.549    5.872    5.872    6.085    6.087    7.361    7.361
    9.958    9.958   10.084   10.084   10.123   10.124
            0.075000  0.043301  0.030619
   -8.824   -8.824   -8.824   -8.821   -8.393   -8.393   -8.350   -8.350   -8.349   -8.346
   -6.190   -6.190    4.971    4.971    5.934    5.934    6.147    6.148    7.163    7.163
    9.846    9.846    9.990    9.990   10.031   10.031
            0.050000  0.028868  0.020412
   -8.824   -8.823   -8.823   -8.822   -8.393   -8.393   -8.349   -8.349   -8.349   -8.347
   -6.224   -6.224    5.380    5.380    5.986    5.986    6.194    6.196    6.901    6.901
    9.768    9.768    9.934    9.934    9.959    9.959
            0.025000  0.014434  0.010206
   -8.823   -8.823   -8.823   -8.822   -8.393   -8.393   -8.348   -8.348   -8.348   -8.348
   -6.245   -6.245    5.748    5.748    6.046    6.046    6.224    6.225    6.589    6.589
    9.723    9.723    9.906    9.906    9.914    9.914
            0.000000  0.000000  0.000000
   -8.823   -8.823   -8.823   -8.823   -8.393   -8.393   -8.348   -8.348   -8.348   -8.348
   -6.252   -6.252    5.906    5.906    6.235    6.235    6.235    6.235    6.280    6.280
    9.708    9.708    9.898    9.898    9.898    9.898
            0.025000 -0.014434  0.020412
   -8.823   -8.823   -8.823   -8.823   -8.393   -8.393   -8.349   -8.349   -8.348   -8.348
   -6.243   -6.243    5.712    5.712    6.022    6.022    6.202    6.202    6.657    6.657
    9.719    9.719    9.897    9.897    9.939    9.939
            0.050000 -0.028868  0.040825
   -8.824   -8.824   -8.822   -8.822   -8.393   -8.393   -8.349   -8.349   -8.348   -8.348
   -6.215   -6.215    5.315    5.315    5.913    5.913    6.108    6.108    7.073    7.073
    9.674    9.674    9.973    9.973   10.058   10.058
            0.075000 -0.043301  0.061237
   -8.825   -8.825   -8.822   -8.822   -8.394   -8.394   -8.349   -8.349   -8.347   -8.347
   -6.170   -6.170    4.895    4.895    5.780    5.780    5.966    5.966    7.484    7.484
    9.544    9.544   10.158   10.158   10.245   10.245
            0.100000 -0.057735  0.081650
   -8.826   -8.826   -8.821   -8.821   -8.394   -8.394   -8.350   -8.350   -8.347   -8.347
   -6.107   -6.107    4.475    4.475    5.618    5.618    5.791    5.791    7.874    7.874
    9.378    9.378   10.412   10.412   10.487   10.487
            0.125000 -0.072169  0.102062
   -8.828   -8.828   -8.820   -8.820   -8.395   -8.395   -8.350   -8.350   -8.347   -8.347
   -6.026   -6.026    4.057    4.057    5.437    5.437    5.596    5.596    8.222    8.222
    9.210    9.210   10.711   10.711   10.772   10.772
            0.150000 -0.086603  0.122474
   -8.830   -8.830   -8.819   -8.819   -8.397   -8.397   -8.350   -8.350   -8.347   -8.347
   -5.929   -5.929    3.644    3.644    5.245    5.245    5.391    5.391    8.476    8.476
    9.092    9.092   11.045   11.045   11.091   11.091
            0.175000 -0.101036  0.142887
   -8.832   -8.832   -8.817   -8.817   -8.398   -8.398   -8.349   -8.349   -8.347   -8.347
   -5.816   -5.816    3.237    3.237    5.049    5.049    5.185    5.185    8.530    8.530
    9.115    9.115   11.402   11.402   11.435   11.435
            0.200000 -0.115470  0.163299
   -8.835   -8.835   -8.816   -8.816   -8.400   -8.400   -8.349   -8.349   -8.347   -8.347
   -5.688   -5.688    2.837    2.837    4.856    4.856    4.982    4.982    8.423    8.423
    9.225    9.225   11.778   11.778   11.800   11.800
            0.225000 -0.129904  0.183712
   -8.837   -8.837   -8.815   -8.815   -8.402   -8.402   -8.348   -8.348   -8.347   -8.347
   -5.546   -5.546    2.444    2.444    4.668    4.668    4.786    4.786    8.275    8.275
    9.285    9.285   12.165   12.165   12.181   12.181
            0.250000 -0.144338  0.204124
   -8.840   -8.840   -8.813   -8.813   -8.403   -8.403   -8.347   -8.347   -8.346   -8.346
   -5.391   -5.391    2.060    2.060    4.491    4.491    4.602    4.602    8.127    8.127
    9.259    9.259   12.558   12.558   12.577   12.577
            0.275000 -0.158771  0.224537
   -8.842   -8.842   -8.812   -8.812   -8.405   -8.405   -8.347   -8.347   -8.344   -8.344
   -5.226   -5.226    1.687    1.687    4.325    4.325    4.430    4.430    7.991    7.991
    9.154    9.154   12.955   12.955   12.983   12.983
            0.300000 -0.173205  0.244949
   -8.845   -8.845   -8.811   -8.811   -8.407   -8.407   -8.347   -8.347   -8.342   -8.342
   -5.052   -5.052    1.326    1.326    4.173    4.173    4.273    4.273    7.872    7.872
    8.996    8.996   13.356   13.356   13.395   13.395
            0.325000 -0.187639  0.265361
   -8.847   -8.847   -8.809   -8.809   -8.408   -8.408   -8.347   -8.347   -8.341   -8.341
   -4.872   -4.872    0.981    0.981    4.036    4.036    4.132    4.132    7.773    7.773
    8.810    8.810   13.760   13.760   13.808   13.808
            0.350000 -0.202073  0.285774
   -8.849   -8.849   -8.808   -8.808   -8.409   -8.409   -8.347   -8.347   -8.339   -8.339
   -4.689   -4.689    0.655    0.655    3.915    3.915    4.008    4.008    7.695    7.695
    8.616    8.616   14.163   14.163   14.220   14.220
            0.375000 -0.216506  0.306186
   -8.851   -8.851   -8.807   -8.807   -8.410   -8.410   -8.347   -8.347   -8.337   -8.337
   -4.510   -4.510    0.354    0.354    3.812    3.812    3.902    3.902    7.640    7.640
    8.426    8.426   14.560   14.560   14.623   14.623
            0.400000 -0.230940  0.326599
   -8.853   -8.853   -8.807   -8.807   -8.411   -8.411   -8.347   -8.347   -8.336   -8.336
   -4.341   -4.341    0.084    0.084    3.726    3.726    3.815    3.815    7.608    7.608
    8.248    8.248   14.943   14.943   15.010   15.010
            0.425000 -0.245374  0.347011
   -8.854   -8.854   -8.806   -8.806   -8.412   -8.412   -8.347   -8.347   -8.335   -8.335
   -4.191   -4.191   -0.144   -0.144    3.659    3.659    3.746    3.746    7.599    7.599
    8.089    8.089   15.297   15.297   15.364   15.364
            0.450000 -0.259808  0.367423
   -8.855   -8.855   -8.805   -8.805   -8.412   -8.412   -8.346   -8.346   -8.334   -8.334
   -4.071   -4.071   -0.320   -0.320    3.611    3.611    3.697    3.697    7.614    7.614
    7.953    7.953   15.598   15.598   15.663   15.663
            0.475000 -0.274241  0.387836
   -8.855   -8.855   -8.805   -8.805   -8.413   -8.413   -8.346   -8.346   -8.333   -8.333
   -3.992   -3.992   -0.433   -0.433    3.582    3.582    3.667    3.667    7.647    7.647
    7.845    7.845   15.810   15.810   15.868   15.868
            0.500000 -0.288675  0.408248
   -8.856   -8.856   -8.805   -8.805   -8.413   -8.413   -8.346   -8.346   -8.333   -8.333
   -3.965   -3.965   -0.471   -0.471    3.572    3.572    3.657    3.657    7.676    7.676
    7.792    7.792   15.888   15.888   15.942   15.942
            0.493750 -0.263416  0.418454
   -8.858   -8.853   -8.805   -8.804   -8.417   -8.409   -8.347   -8.346   -8.334   -8.332
   -3.966   -3.966   -0.469   -0.464    3.553    3.569    3.642    3.649    7.696    7.703
    7.817    7.830   15.794   15.858   15.876   15.902
            0.487500 -0.238157  0.428661
   -8.860   -8.851   -8.806   -8.804   -8.420   -8.405   -8.347   -8.345   -8.336   -8.332
   -3.969   -3.969   -0.459   -0.448    3.512    3.545    3.605    3.620    7.767    7.777
    7.902    7.926   15.586   15.645   15.738   15.781
            0.481250 -0.212898  0.438867
   -8.862   -8.849   -8.806   -8.803   -8.424   -8.402   -8.348   -8.344   -8.337   -8.331
   -3.974   -3.974   -0.440   -0.425    3.451    3.503    3.550    3.574    7.887    7.899
    8.041    8.072   15.253   15.291   15.555   15.608
            0.475000 -0.187639  0.449073
   -8.864   -8.846   -8.806   -8.803   -8.427   -8.398   -8.348   -8.344   -8.339   -8.331
   -3.981   -3.980   -0.416   -0.395    3.374    3.444    3.484    3.521    8.053    8.067
    8.225    8.263   14.827   14.847   15.345   15.399
            0.468750 -0.162380  0.459279
   -8.866   -8.844   -8.807   -8.802   -8.431   -8.395   -8.349   -8.343   -8.341   -8.331
   -3.989   -3.988   -0.386   -0.360    3.284    3.365    3.422    3.468    8.260    8.277
    8.448    8.490   14.346   14.355   15.113   15.164
            0.462500 -0.137121  0.469486
   -8.867   -8.842   -8.807   -8.802   -8.434   -8.391   -8.349   -8.344   -8.342   -8.331
   -3.997   -3.997   -0.353   -0.322    3.186    3.269    3.372    3.420    8.504    8.524
    8.702    8.748   13.836   13.839   14.862   14.908
            0.456250 -0.111862  0.479692
   -8.868   -8.840   -8.807   -8.802   -8.437   -8.388   -8.350   -8.346   -8.341   -8.331
   -4.006   -4.006   -0.320   -0.285    3.083    3.167    3.336    3.383    8.778    8.804
    8.981    9.031   13.310   13.320   14.598   14.638
            0.450000 -0.086603  0.489898
   -8.869   -8.839   -8.807   -8.801   -8.439   -8.385   -8.351   -8.348   -8.340   -8.332
   -4.015   -4.015   -0.289   -0.249    2.981    3.063    3.315    3.361    9.077    9.111
    9.281    9.332   12.786   12.805   14.326   14.358
            0.443750 -0.061343  0.500104
   -8.870   -8.837   -8.807   -8.801   -8.441   -8.382   -8.352   -8.349   -8.339   -8.332
   -4.023   -4.023   -0.262   -0.218    2.882    2.963    3.314    3.358    9.389    9.439
    9.597    9.644   12.278   12.307   14.050   14.076
            0.437500 -0.036084  0.510310
   -8.871   -8.836   -8.807   -8.801   -8.443   -8.379   -8.355   -8.349   -8.338   -8.333
   -4.030   -4.030   -0.240   -0.193    2.788    2.867    3.334    3.376    9.695    9.777
    9.926    9.959   11.800   11.844   13.775   13.797
            0.431250 -0.010825  0.520517
   -8.871   -8.836   -8.807   -8.801   -8.444   -8.376   -8.357   -8.350   -8.337   -8.333
   -4.036   -4.036   -0.225   -0.176    2.703    2.780    3.376    3.415    9.942   10.073
   10.262   10.288   11.398   11.460   13.509   13.531
            0.425000  0.014434  0.530723
   -8.871   -8.835   -8.807   -8.800   -8.445   -8.374   -8.360   -8.350   -8.336   -8.334
   -4.041   -4.040   -0.218   -0.166    2.627    2.702    3.439    3.475   10.019   10.159
   10.619   10.654   11.187   11.261   13.260   13.291
            0.418750  0.039693  0.540929
   -8.871   -8.835   -8.807   -8.800   -8.445   -8.373   -8.361   -8.350   -8.336   -8.334
   -4.043   -4.043   -0.218   -0.165    2.562    2.636    3.521    3.554    9.845    9.942
   10.997   11.031   11.255   11.324   13.050   13.094
            0.412500  0.064952  0.551135
   -8.871   -8.835   -8.808   -8.800   -8.445   -8.373   -8.361   -8.350   -8.336   -8.334
   -4.043   -4.043   -0.224   -0.171    2.510    2.581    3.616    3.646    9.530    9.594
   11.264   11.366   11.526   11.553   12.917   12.975
            0.406250  0.090211  0.561341
   -8.871   -8.836   -8.808   -8.800   -8.444   -8.375   -8.360   -8.350   -8.336   -8.333
   -4.041   -4.041   -0.235   -0.182    2.470    2.540    3.720    3.746    9.184    9.229
   11.355   11.491   11.911   11.953   12.916   12.973
            0.400000  0.115470  0.571548
   -8.870   -8.836   -8.808   -8.799   -8.444   -8.377   -8.358   -8.350   -8.337   -8.333
   -4.037   -4.037   -0.251   -0.198    2.444    2.512    3.823    3.846    8.856    8.889
   11.318   11.443   12.344   12.388   13.060   13.098
            0.393750  0.140729  0.581754
   -8.870   -8.837   -8.808   -8.799   -8.443   -8.379   -8.356   -8.350   -8.337   -8.332
   -4.031   -4.031   -0.269   -0.217    2.433    2.498    3.916    3.934    8.567    8.592
   11.190   11.296   12.787   12.833   13.287   13.310
            0.387500  0.165988  0.591960
   -8.870   -8.837   -8.809   -8.799   -8.442   -8.381   -8.354   -8.351   -8.338   -8.332
   -4.022   -4.022   -0.288   -0.238    2.435    2.498    3.986    3.999    8.337    8.354
   11.015   11.105   13.227   13.274   13.518   13.557
            0.381250  0.191247  0.602166
   -8.869   -8.838   -8.809   -8.799   -8.441   -8.383   -8.352   -8.351   -8.338   -8.332
   -4.012   -4.012   -0.306   -0.258    2.452    2.513    4.021    4.028    8.178    8.189
   10.818   10.896   13.618   13.681   13.717   13.798
            0.375000  0.216506  0.612372
   -8.869   -8.838   -8.809   -8.799   -8.440   -8.384   -8.351   -8.350   -8.339   -8.331
   -4.001   -4.000   -0.324   -0.278    2.483    2.542    4.010    4.012    8.102    8.109
   10.615   10.684   13.822   13.832   13.991   13.992
            0.356250  0.205681  0.581754
   -8.869   -8.837   -8.809   -8.799   -8.441   -8.382   -8.355   -8.351   -8.338   -8.332
   -4.048   -4.048   -0.265   -0.214    2.398    2.461    4.130    4.132    8.209    8.218
   11.196   11.295   13.549   13.588   13.634   13.636
            0.337500  0.194856  0.551135
   -8.869   -8.836   -8.810   -8.799   -8.441   -8.379   -8.358   -8.352   -8.337   -8.332
   -4.119   -4.119   -0.186   -0.133    2.372    2.438    4.263    4.264    8.321    8.334
   11.637   11.780   13.211   13.225   13.412   13.537
            0.318750  0.184030  0.520517
   -8.867   -8.836   -8.810   -8.800   -8.440   -8.377   -8.362   -8.352   -8.336   -8.333
   -4.215   -4.214   -0.080   -0.027    2.404    2.472    4.406    4.407    8.433    8.450
   11.826   11.993   12.854   12.864   13.089   13.218
            0.300000  0.173205  0.489898
   -8.866   -8.835   -8.811   -8.801   -8.439   -8.376   -8.365   -8.353   -8.336   -8.333
   -4.335   -4.333    0.057    0.109    2.490    2.559    4.558    4.559    8.538    8.560
   11.809   11.968   12.511   12.519   12.704   12.822
            0.281250  0.162380  0.459279
   -8.863   -8.835   -8.812   -8.803   -8.436   -8.375   -8.367   -8.353   -8.336   -8.334
   -4.476   -4.473    0.230    0.279    2.624    2.692    4.716    4.716    8.627    8.655
   11.713   11.859   12.186   12.193   12.327   12.443
            0.262500  0.151554  0.428661
   -8.861   -8.834   -8.812   -8.805   -8.433   -8.376   -8.368   -8.353   -8.336   -8.335
   -4.633   -4.630    0.439    0.486    2.800    2.866    4.876    4.877    8.691    8.726
   11.606   11.744   11.881   11.887   11.976   12.096
            0.243750  0.140729  0.398042
   -8.857   -8.834   -8.813   -8.807   -8.429   -8.378   -8.368   -8.354   -8.337   -8.335
   -4.801   -4.797    0.685    0.729    3.010    3.076    5.037    5.037    8.720    8.764
   11.491   11.574   11.603   11.607   11.725   11.812
            0.225000  0.129904  0.367423
   -8.854   -8.833   -8.814   -8.809   -8.425   -8.380   -8.366   -8.354   -8.338   -8.336
   -4.974   -4.970    0.967    1.007    3.251    3.315    5.195    5.195    8.711    8.762
   11.290   11.299   11.340   11.342   11.671   11.671
            0.206250  0.119078  0.336805
   -8.850   -8.833   -8.814   -8.811   -8.421   -8.383   -8.365   -8.354   -8.339   -8.337
   -5.148   -5.144    1.282    1.319    3.517    3.580    5.346    5.347    8.664    8.722
   11.009   11.049   11.097   11.098   11.651   11.673
            0.187500  0.108253  0.306186
   -8.846   -8.832   -8.815   -8.814   -8.417   -8.385   -8.363   -8.354   -8.341   -8.338
   -5.317   -5.314    1.629    1.663    3.802    3.864    5.489    5.489    8.584    8.646
   10.752   10.802   10.877   10.877   11.667   11.693
            0.168750  0.097428  0.275568
   -8.842   -8.831   -8.816   -8.816   -8.412   -8.387   -8.361   -8.354   -8.342   -8.339
   -5.479   -5.476    2.004    2.036    4.102    4.163    5.619    5.620    8.478    8.543
   10.523   10.576   10.678   10.679   11.670   11.693
            0.150000  0.086603  0.244949
   -8.838   -8.830   -8.818   -8.817   -8.408   -8.389   -8.359   -8.354   -8.344   -8.340
   -5.631   -5.628    2.407    2.436    4.410    4.470    5.735    5.737    8.352    8.417
   10.323   10.376   10.501   10.503   11.613   11.633
            0.131250  0.075777  0.214330
   -8.834   -8.829   -8.819   -8.818   -8.404   -8.391   -8.357   -8.353   -8.345   -8.341
   -5.769   -5.767    2.834    2.860    4.720    4.778    5.836    5.839    8.210    8.272
   10.154   10.205   10.345   10.349   11.461   11.478
            0.112500  0.064952  0.183712
   -8.831   -8.828   -8.821   -8.819   -8.401   -8.392   -8.356   -8.352   -8.346   -8.342
   -5.893   -5.892    3.282    3.306    5.021    5.078    5.922    5.926    8.049    8.106
   10.019   10.066   10.212   10.216   11.212   11.226
            0.093750  0.054127  0.153093
   -8.828   -8.827   -8.822   -8.819   -8.398   -8.392   -8.354   -8.351   -8.347   -8.343
   -6.000   -5.999    3.749    3.771    5.305    5.360    5.994    5.999    7.863    7.913
    9.916    9.958   10.100   10.105   10.896   10.909
            0.075000  0.043301  0.122474
   -8.826   -8.826   -8.823   -8.820   -8.396   -8.393   -8.352   -8.350   -8.348   -8.345
   -6.089   -6.089    4.231    4.250    5.558    5.609    6.055    6.061    7.642    7.681
    9.845    9.880   10.012   10.017   10.564   10.577
            0.056250  0.032476  0.091856
   -8.825   -8.824   -8.823   -8.821   -8.394   -8.393   -8.350   -8.349   -8.349   -8.346
   -6.160   -6.160    4.721    4.737    5.766    5.809    6.110    6.116    7.373    7.400
    9.798    9.823    9.949    9.954   10.269   10.280
            0.037500  0.021651  0.061237
   -8.824   -8.823   -8.823   -8.822   -8.393   -8.393   -8.349   -8.349   -8.349   -8.347
   -6.211   -6.211    5.211    5.224    5.915    5.945    6.166    6.169    7.046    7.061
    9.762    9.774    9.914    9.916   10.051   10.058
            0.018750  0.010825  0.030619
   -8.823   -8.823   -8.823   -8.822   -8.393   -8.393   -8.349   -8.348   -8.348   -8.347
   -6.242   -6.242    5.675    5.682    6.017    6.030    6.215    6.215    6.664    6.670
    9.727    9.729    9.901    9.901    9.933    9.934
            0.000000  0.000000  0.000000
   -8.823   -8.823   -8.823   -8.823   -8.393   -8.393   -8.348   -8.348   -8.348   -8.348
   -6.252   -6.252    5.906    5.906    6.235    6.235    6.235    6.235    6.280    6.280
    9.708    9.708    9.898    9.898    9.898    9.898
