 &plot nbnd=  10, nks=   301 /
            0.000000  0.000000  0.000000
   -5.758    6.206    6.206    6.206    8.767    8.767    8.767    9.565   13.930   13.930
            0.000000  0.033333  0.000000
   -5.753    6.172    6.185    6.185    8.755    8.794    8.794    9.598   13.890   13.935
            0.000000  0.066667  0.000000
   -5.739    6.076    6.124    6.124    8.719    8.873    8.873    9.693   13.775   13.951
            0.000000  0.100000  0.000000
   -5.714    5.925    6.030    6.030    8.662    8.997    8.997    9.836   13.602   13.978
            0.000000  0.133333  0.000000
   -5.680    5.734    5.911    5.911    8.586    9.158    9.158   10.013   13.392   14.016
            0.000000  0.166667  0.000000
   -5.637    5.511    5.775    5.775    8.493    9.347    9.347   10.206   13.166   14.064
            0.000000  0.200000  0.000000
   -5.583    5.266    5.629    5.629    8.389    9.559    9.559   10.393   12.951   14.124
            0.000000  0.233333  0.000000
   -5.520    5.006    5.476    5.476    8.276    9.788    9.788   10.547   12.777   14.194
            0.000000  0.266667  0.000000
   -5.448    4.733    5.321    5.321    8.156   10.032   10.032   10.631   12.681   14.274
            0.000000  0.300000  0.000000
   -5.366    4.453    5.165    5.165    8.033   10.287   10.287   10.618   12.695   14.366
            0.000000  0.333333  0.000000
   -5.274    4.166    5.012    5.012    7.910   10.506   10.551   10.551   12.820   14.468
            0.000000  0.366667  0.000000
   -5.173    3.875    4.862    4.862    7.787   10.322   10.822   10.822   13.031   14.581
            0.000000  0.400000  0.000000
   -5.063    3.580    4.717    4.717    7.667   10.095   11.100   11.100   13.299   14.705
            0.000000  0.433333  0.000000
   -4.943    3.284    4.576    4.576    7.551    9.848   11.383   11.383   13.602   14.839
            0.000000  0.466667  0.000000
   -4.814    2.986    4.442    4.442    7.440    9.594   11.671   11.671   13.928   14.984
            0.000000  0.500000  0.000000
   -4.676    2.686    4.315    4.315    7.336    9.340   11.963   11.963   14.268   15.140
            0.000000  0.533333  0.000000
   -4.529    2.387    4.194    4.194    7.238    9.091   12.258   12.258   14.617   15.306
            0.000000  0.566667  0.000000
   -4.374    2.087    4.081    4.081    7.149    8.851   12.557   12.557   14.972   15.483
            0.000000  0.600000  0.000000
   -4.209    1.788    3.975    3.975    7.067    8.621   12.858   12.858   15.330   15.670
            0.000000  0.633333  0.000000
   -4.036    1.489    3.877    3.877    6.995    8.403   13.162   13.162   15.689   15.868
            0.000000  0.666667  0.000000
   -3.854    1.192    3.787    3.787    6.933    8.199   13.469   13.469   16.047   16.077
            0.000000  0.700000  0.000000
   -3.664    0.897    3.705    3.705    6.880    8.007   13.778   13.778   16.296   16.402
            0.000000  0.733333  0.000000
   -3.466    0.603    3.631    3.631    6.838    7.830   14.089   14.089   16.526   16.754
            0.000000  0.766667  0.000000
   -3.260    0.313    3.566    3.566    6.807    7.667   14.402   14.402   16.766   17.101
            0.000000  0.800000  0.000000
   -3.046    0.025    3.510    3.510    6.786    7.517   14.716   14.716   17.016   17.441
            0.000000  0.833333  0.000000
   -2.825   -0.259    3.462    3.462    6.778    7.382   15.031   15.031   17.277   17.774
            0.000000  0.866667  0.000000
   -2.596   -0.540    3.422    3.422    6.781    7.262   15.344   15.344   17.548   18.098
            0.000000  0.900000  0.000000
   -2.360   -0.816    3.392    3.392    6.796    7.155   15.653   15.653   17.829   17.854
            0.000000  0.933333  0.000000
   -2.118   -1.087    3.370    3.370    6.823    7.062   15.946   15.946   17.554   17.554
            0.000000  0.966667  0.000000
   -1.869   -1.353    3.357    3.357    6.863    6.982   16.195   16.195   17.301   17.301
            0.000000  1.000000  0.000000
   -1.614   -1.614    3.352    3.352    6.916    6.916   16.309   16.309   17.186   17.186
            0.000000  1.000000  0.016667
   -1.614   -1.614    3.348    3.348    6.923    6.923   16.298   16.298   17.168   17.168
           -0.000000  1.000000  0.033333
   -1.613   -1.613    3.337    3.337    6.943    6.943   16.265   16.265   17.122   17.122
            0.000000  1.000000  0.050000
   -1.611   -1.611    3.319    3.319    6.977    6.977   16.206   16.206   17.060   17.060
            0.000000  1.000000  0.066667
   -1.608   -1.608    3.294    3.294    7.023    7.023   16.118   16.118   16.996   16.996
            0.000000  1.000000  0.083333
   -1.604   -1.604    3.264    3.264    7.081    7.081   16.001   16.001   16.939   16.939
            0.000000  1.000000  0.100000
   -1.600   -1.600    3.228    3.228    7.151    7.151   15.858   15.858   16.894   16.894
            0.000000  1.000000  0.116667
   -1.595   -1.595    3.187    3.187    7.232    7.232   15.693   15.693   16.861   16.861
            0.000000  1.000000  0.133333
   -1.589   -1.589    3.143    3.143    7.322    7.322   15.512   15.512   16.836   16.836
            0.000000  1.000000  0.150000
   -1.583   -1.583    3.095    3.095    7.422    7.422   15.319   15.319   16.818   16.818
            0.000000  1.000000  0.166667
   -1.576   -1.576    3.046    3.046    7.530    7.530   15.118   15.118   16.806   16.806
            0.000000  1.000000  0.183333
   -1.569   -1.569    2.995    2.995    7.646    7.646   14.910   14.910   16.796   16.796
            0.000000  1.000000  0.200000
   -1.561   -1.561    2.943    2.943    7.769    7.769   14.699   14.699   16.790   16.790
            0.000000  1.000000  0.216667
   -1.553   -1.553    2.891    2.891    7.899    7.899   14.485   14.485   16.785   16.785
           -0.000000  1.000000  0.233333
   -1.545   -1.545    2.839    2.839    8.035    8.035   14.269   14.269   16.782   16.782
            0.000000  1.000000  0.250000
   -1.536   -1.536    2.788    2.788    8.177    8.177   14.052   14.052   16.780   16.780
            0.000000  1.000000  0.266667
   -1.528   -1.528    2.738    2.738    8.324    8.324   13.835   13.835   16.779   16.779
            0.000000  1.000000  0.283333
   -1.519   -1.519    2.690    2.690    8.476    8.476   13.617   13.617   16.778   16.778
            0.000000  1.000000  0.300000
   -1.511   -1.511    2.644    2.644    8.632    8.632   13.401   13.401   16.778   16.778
            0.000000  1.000000  0.316667
   -1.502   -1.502    2.601    2.601    8.792    8.792   13.185   13.185   16.778   16.778
            0.000000  1.000000  0.333333
   -1.494   -1.494    2.560    2.560    8.956    8.956   12.970   12.970   16.778   16.778
            0.000000  1.000000  0.350000
   -1.487   -1.487    2.522    2.522    9.123    9.123   12.757   12.757   16.779   16.779
            0.000000  1.000000  0.366667
   -1.480   -1.480    2.488    2.488    9.293    9.293   12.546   12.546   16.779   16.779
            0.000000  1.000000  0.383333
   -1.473   -1.473    2.457    2.457    9.465    9.465   12.338   12.338   16.780   16.780
            0.000000  1.000000  0.400000
   -1.467   -1.467    2.429    2.429    9.639    9.639   12.133   12.133   16.781   16.781
            0.000000  1.000000  0.416667
   -1.462   -1.462    2.406    2.406    9.813    9.813   11.932   11.932   16.781   16.781
            0.000000  1.000000  0.433333
   -1.458   -1.458    2.387    2.387    9.986    9.986   11.738   11.738   16.782   16.782
            0.000000  1.000000  0.450000
   -1.455   -1.455    2.372    2.372   10.153   10.153   11.554   11.554   16.782   16.782
            0.000000  1.000000  0.466667
   -1.452   -1.452    2.361    2.361   10.307   10.307   11.388   11.388   16.783   16.783
           -0.000000  1.000000  0.483333
   -1.451   -1.451    2.354    2.354   10.428   10.428   11.260   11.260   16.783   16.783
            0.000000  1.000000  0.500000
   -1.450   -1.450    2.352    2.352   10.478   10.478   11.208   11.208   16.783   16.783
            0.000333  0.991333  0.508000
   -1.490   -1.412    2.322    2.384   10.424   10.504   11.200   11.246   16.708   16.852
            0.000667  0.982667  0.516000
   -1.528   -1.375    2.294    2.419   10.329   10.524   11.235   11.292   16.631   16.914
            0.001000  0.974000  0.524000
   -1.564   -1.340    2.266    2.458   10.209   10.538   11.299   11.347   16.550   16.966
            0.001333  0.965333  0.532000
   -1.600   -1.308    2.239    2.500   10.076   10.547   11.378   11.410   16.467   17.006
            0.001667  0.956667  0.540000
   -1.634   -1.277    2.212    2.545    9.935   10.553   11.460   11.485   16.382   17.032
            0.002000  0.948000  0.548000
   -1.667   -1.248    2.187    2.594    9.792   10.555   11.538   11.578   16.295   17.043
            0.002333  0.939333  0.556000
   -1.699   -1.222    2.163    2.645    9.647   10.554   11.615   11.679   16.206   17.036
            0.002667  0.930667  0.564000
   -1.729   -1.197    2.139    2.699    9.502   10.552   11.694   11.784   16.115   17.012
            0.003000  0.922000  0.572000
   -1.758   -1.174    2.117    2.756    9.358   10.549   11.776   11.893   16.022   16.970
            0.003333  0.913333  0.580000
   -1.786   -1.153    2.095    2.814    9.216   10.545   11.861   12.004   15.928   16.913
            0.003667  0.904667  0.588000
   -1.813   -1.134    2.074    2.875    9.076   10.541   11.947   12.117   15.833   16.842
            0.004000  0.896000  0.596000
   -1.838   -1.116    2.055    2.938    8.939   10.536   12.035   12.232   15.737   16.758
            0.004333  0.887333  0.604000
   -1.862   -1.100    2.036    3.002    8.805   10.532   12.124   12.349   15.639   16.665
            0.004667  0.878667  0.612000
   -1.885   -1.085    2.018    3.067    8.674   10.527   12.215   12.466   15.540   16.563
            0.005000  0.870000  0.620000
   -1.907   -1.071    2.001    3.133    8.547   10.523   12.307   12.585   15.441   16.454
            0.005333  0.861333  0.628000
   -1.927   -1.059    1.986    3.198    8.424   10.520   12.400   12.706   15.340   16.340
            0.005667  0.852667  0.636000
   -1.946   -1.047    1.971    3.264    8.305   10.516   12.493   12.827   15.239   16.221
            0.006000  0.844000  0.644000
   -1.964   -1.037    1.957    3.329    8.192   10.514   12.587   12.949   15.137   16.098
            0.006333  0.835333  0.652000
   -1.980   -1.028    1.944    3.392    8.085   10.512   12.682   13.072   15.035   15.972
            0.006667  0.826667  0.660000
   -1.995   -1.019    1.933    3.454    7.983   10.510   12.776   13.196   14.932   15.844
            0.007000  0.818000  0.668000
   -2.009   -1.012    1.922    3.513    7.888   10.510   12.871   13.321   14.829   15.714
            0.007333  0.809333  0.676000
   -2.022   -1.005    1.912    3.569    7.801   10.510   12.966   13.446   14.727   15.583
            0.007667  0.800667  0.684000
   -2.033   -0.999    1.903    3.621    7.722   10.511   13.059   13.571   14.625   15.451
            0.008000  0.792000  0.692000
   -2.043   -0.994    1.896    3.668    7.651   10.512   13.152   13.697   14.524   15.318
            0.008333  0.783333  0.700000
   -2.052   -0.989    1.889    3.709    7.590   10.514   13.242   13.822   14.426   15.185
            0.008667  0.774667  0.708000
   -2.060   -0.985    1.884    3.745    7.540   10.518   13.329   13.946   14.333   15.052
            0.009000  0.766000  0.716000
   -2.066   -0.981    1.879    3.774    7.500   10.522   13.409   14.061   14.252   14.921
            0.009333  0.757333  0.724000
   -2.071   -0.978    1.876    3.795    7.471   10.526   13.478   14.119   14.236   14.795
            0.009667  0.748667  0.732000
   -2.075   -0.976    1.873    3.808    7.454   10.532   13.527   14.084   14.321   14.681
            0.010000  0.740000  0.740000
   -2.077   -0.974    1.872    3.813    7.450   10.538   13.543   14.061   14.372   14.622
            0.009667  0.715333  0.715333
   -2.202   -0.849    1.814    3.901    7.551   11.042   13.244   13.767   14.124   14.363
            0.009333  0.690667  0.690667
   -2.344   -0.712    1.789    3.996    7.661   11.545   12.953   13.492   13.883   14.115
            0.009000  0.666000  0.666000
   -2.499   -0.564    1.794    4.096    7.777   12.022   12.669   13.260   13.650   13.878
            0.008667  0.641333  0.641333
   -2.667   -0.404    1.828    4.202    7.899   12.365   12.394   13.176   13.428   13.654
            0.008333  0.616667  0.616667
   -2.843   -0.234    1.887    4.312    8.026   12.127   12.369   13.198   13.444   13.464
            0.008000  0.592000  0.592000
   -3.025   -0.052    1.971    4.427    8.157   11.869   12.183   12.999   13.248   13.932
            0.007667  0.567333  0.567333
   -3.210    0.141    2.075    4.545    8.291   11.621   11.958   12.807   13.067   14.451
            0.007333  0.542667  0.542667
   -3.396    0.344    2.199    4.665    8.426   11.382   11.727   12.629   12.902   14.977
            0.007000  0.518000  0.518000
   -3.581    0.558    2.340    4.788    8.560   11.153   11.500   12.465   12.756   15.489
            0.006667  0.493333  0.493333
   -3.764    0.783    2.497    4.910    8.690   10.934   11.278   12.318   12.627   15.965
            0.006333  0.468667  0.468667
   -3.942    1.019    2.668    5.032    8.814   10.725   11.065   12.190   12.519   16.377
            0.006000  0.444000  0.444000
   -4.116    1.264    2.851    5.153    8.928   10.527   10.861   12.084   12.431   16.688
            0.005667  0.419333  0.419333
   -4.283    1.520    3.046    5.270    9.029   10.338   10.665   11.999   12.365   16.872
            0.005333  0.394667  0.394667
   -4.443    1.785    3.250    5.384    9.114   10.160   10.479   11.938   12.321   16.876
            0.005000  0.370000  0.370000
   -4.596    2.060    3.463    5.492    9.181    9.992   10.301   11.899   12.301   16.346
            0.004667  0.345333  0.345333
   -4.741    2.344    3.684    5.593    9.228    9.835   10.133   11.878   12.306   15.835
            0.004333  0.320667  0.320667
   -4.878    2.637    3.910    5.688    9.255    9.689    9.974   11.868   12.335   15.352
            0.004000  0.296000  0.296000
   -5.005    2.938    4.141    5.774    9.265    9.553    9.824   11.855   12.389   14.909
            0.003667  0.271333  0.271333
   -5.123    3.247    4.374    5.852    9.259    9.428    9.682   11.820   12.467   14.519
            0.003333  0.246667  0.246667
   -5.232    3.562    4.608    5.921    9.242    9.313    9.549   11.741   12.569   14.203
            0.003000  0.222000  0.222000
   -5.331    3.884    4.841    5.982    9.210    9.215    9.425   11.595   12.692   13.976
            0.002667  0.197333  0.197333
   -5.420    4.209    5.069    6.034    9.117    9.182    9.308   11.378   12.835   13.842
            0.002333  0.172667  0.172667
   -5.499    4.535    5.290    6.078    9.035    9.144    9.201   11.102   12.994   13.784
            0.002000  0.148000  0.148000
   -5.567    4.860    5.499    6.115    8.964    9.094    9.109   10.791   13.165   13.779
            0.001667  0.123333  0.123333
   -5.625    5.179    5.691    6.144    8.904    9.008    9.058   10.472   13.342   13.802
            0.001333  0.098667  0.098667
   -5.673    5.483    5.862    6.167    8.855    8.929    9.003   10.170   13.516   13.838
            0.001000  0.074000  0.074000
   -5.710    5.760    6.006    6.184    8.816    8.862    8.938    9.910   13.676   13.874
            0.000667  0.049333  0.049333
   -5.737    5.991    6.114    6.196    8.789    8.811    8.863    9.717   13.809   13.904
            0.000333  0.024667  0.024667
   -5.753    6.149    6.183    6.204    8.773    8.778    8.795    9.602   13.898   13.923
            0.000000  0.000000  0.000000
   -5.758    6.206    6.206    6.206    8.767    8.767    8.767    9.565   13.930   13.930
            0.016667  0.016667  0.016667
   -5.754    6.162    6.199    6.199    8.776    8.776    8.779    9.591   13.917   13.917
            0.033333  0.033333  0.033333
   -5.743    6.037    6.181    6.181    8.804    8.804    8.806    9.670   13.879   13.879
            0.050000  0.050000  0.050000
   -5.725    5.848    6.150    6.150    8.827    8.848    8.848    9.807   13.820   13.820
            0.066667  0.066667  0.066667
   -5.700    5.613    6.110    6.110    8.829    8.907    8.907    9.998   13.745   13.745
            0.083333  0.083333  0.083333
   -5.667    5.346    6.062    6.062    8.812    8.979    8.979   10.230   13.661   13.661
            0.100000  0.100000  0.100000
   -5.627    5.059    6.007    6.007    8.778    9.060    9.060   10.491   13.574   13.574
            0.116667  0.116667  0.116667
   -5.580    4.759    5.948    5.948    8.732    9.147    9.147   10.770   13.489   13.489
            0.133333  0.133333  0.133333
   -5.526    4.451    5.885    5.885    8.678    9.237    9.237   11.060   13.411   13.411
            0.150000  0.150000  0.150000
   -5.465    4.138    5.820    5.820    8.618    9.328    9.328   11.357   13.346   13.346
            0.166667  0.166667  0.166667
   -5.397    3.823    5.755    5.755    8.555    9.415    9.415   11.657   13.296   13.296
            0.183333  0.183333  0.183333
   -5.322    3.508    5.690    5.690    8.490    9.496    9.496   11.957   13.267   13.267
            0.200000  0.200000  0.200000
   -5.241    3.195    5.626    5.626    8.424    9.568    9.568   12.256   13.261   13.261
            0.216667  0.216667  0.216667
   -5.153    2.885    5.563    5.563    8.359    9.629    9.629   12.552   13.281   13.281
            0.233333  0.233333  0.233333
   -5.059    2.578    5.503    5.503    8.295    9.676    9.676   12.842   13.329   13.329
            0.250000  0.250000  0.250000
   -4.959    2.277    5.445    5.445    8.233    9.711    9.711   13.124   13.406   13.406
            0.266667  0.266667  0.266667
   -4.853    1.980    5.391    5.391    8.173    9.732    9.732   13.391   13.512   13.512
            0.283333  0.283333  0.283333
   -4.741    1.691    5.339    5.339    8.116    9.740    9.740   13.636   13.646   13.646
            0.300000  0.300000  0.300000
   -4.625    1.408    5.291    5.291    8.063    9.739    9.739   13.806   13.806   13.842
            0.316667  0.316667  0.316667
   -4.505    1.134    5.246    5.246    8.013    9.728    9.728   13.990   13.990   13.992
            0.333333  0.333333  0.333333
   -4.382    0.869    5.205    5.205    7.967    9.712    9.712   14.077   14.196   14.196
            0.350000  0.350000  0.350000
   -4.255    0.615    5.167    5.167    7.925    9.691    9.691   14.107   14.421   14.421
            0.366667  0.366667  0.366667
   -4.128    0.372    5.134    5.134    7.887    9.668    9.668   14.103   14.665   14.665
            0.383333  0.383333  0.383333
   -4.002    0.144    5.104    5.104    7.853    9.644    9.644   14.081   14.924   14.924
            0.400000  0.400000  0.400000
   -3.879   -0.068    5.078    5.078    7.823    9.621    9.621   14.052   15.196   15.196
            0.416667  0.416667  0.416667
   -3.761   -0.261    5.056    5.056    7.798    9.600    9.600   14.022   15.481   15.481
            0.433333  0.433333  0.433333
   -3.654   -0.430    5.038    5.038    7.778    9.581    9.581   13.994   15.775   15.775
            0.450000  0.450000  0.450000
   -3.561   -0.570    5.024    5.024    7.762    9.566    9.566   13.971   16.073   16.073
            0.466667  0.466667  0.466667
   -3.489   -0.677    5.014    5.014    7.750    9.554    9.554   13.954   16.368   16.368
            0.483333  0.483333  0.483333
   -3.443   -0.744    5.008    5.008    7.743    9.548    9.548   13.944   16.630   16.630
            0.500000  0.500000  0.500000
   -3.427   -0.766    5.006    5.006    7.741    9.545    9.545   13.940   16.758   16.758
            0.491667  0.516667  0.491667
   -3.425   -0.765    4.989    5.003    7.758    9.542    9.552   13.948   16.688   16.737
            0.483333  0.533333  0.483333
   -3.420   -0.763    4.937    4.993    7.805    9.533    9.574   13.973   16.525   16.679
            0.475000  0.550000  0.475000
   -3.411   -0.758    4.855    4.976    7.879    9.520    9.609   14.013   16.323   16.598
            0.466667  0.566667  0.466667
   -3.398   -0.751    4.748    4.953    7.973    9.505    9.658   14.065   16.108   16.504
            0.458333  0.583333  0.458333
   -3.382   -0.743    4.621    4.924    8.077    9.493    9.720   14.125   15.891   16.402
            0.450000  0.600000  0.450000
   -3.362   -0.733    4.479    4.890    8.183    9.490    9.795   14.188   15.679   16.297
            0.441667  0.616667  0.441667
   -3.338   -0.721    4.327    4.851    8.281    9.504    9.881   14.245   15.481   16.190
            0.433333  0.633333  0.433333
   -3.311   -0.708    4.166    4.809    8.358    9.544    9.979   14.281   15.308   16.084
            0.425000  0.650000  0.425000
   -3.280   -0.694    4.000    4.763    8.408    9.618   10.088   14.274   15.177   15.979
            0.416667  0.666667  0.416667
   -3.246   -0.680    3.831    4.714    8.427    9.726   10.207   14.208   15.105   15.875
            0.408333  0.683333  0.408333
   -3.208   -0.664    3.661    4.662    8.419    9.866   10.335   14.082   15.084   15.773
            0.400000  0.700000  0.400000
   -3.166   -0.649    3.492    4.610    8.390   10.031   10.473   13.915   15.093   15.674
            0.391667  0.716667  0.391667
   -3.122   -0.634    3.324    4.556    8.346   10.214   10.618   13.726   15.111   15.577
            0.383333  0.733333  0.383333
   -3.073   -0.620    3.159    4.501    8.292   10.411   10.772   13.526   15.123   15.483
            0.375000  0.750000  0.375000
   -3.022   -0.607    2.999    4.446    8.232   10.618   10.932   13.322   15.125   15.391
            0.366667  0.766667  0.366667
   -2.967   -0.597    2.844    4.391    8.168   10.831   11.100   13.116   15.115   15.303
            0.358333  0.783333  0.358333
   -2.909   -0.589    2.696    4.337    8.102   11.048   11.273   12.913   15.093   15.218
            0.350000  0.800000  0.350000
   -2.848   -0.586    2.557    4.283    8.036   11.266   11.453   12.715   15.061   15.136
            0.341667  0.816667  0.341667
   -2.784   -0.587    2.426    4.231    7.970   11.478   11.638   12.529   15.020   15.058
            0.333333  0.833333  0.333333
   -2.717   -0.594    2.307    4.180    7.905   11.664   11.828   12.374   14.972   14.983
            0.325000  0.850000  0.325000
   -2.647   -0.609    2.200    4.130    7.842   11.765   12.022   12.310   14.913   14.919
            0.316667  0.866667  0.316667
   -2.575   -0.631    2.107    4.082    7.782   11.710   12.220   12.408   14.847   14.862
            0.308333  0.883333  0.308333
   -2.502   -0.662    2.029    4.036    7.724   11.565   12.421   12.601   14.787   14.801
            0.300000  0.900000  0.300000
   -2.427   -0.701    1.965    3.992    7.669   11.393   12.623   12.826   14.733   14.739
            0.291667  0.916667  0.291667
   -2.351   -0.748    1.918    3.951    7.617   11.214   12.825   13.062   14.676   14.686
            0.283333  0.933333  0.283333
   -2.276   -0.802    1.886    3.911    7.568   11.034   13.024   13.305   14.612   14.650
            0.275000  0.950000  0.275000
   -2.203   -0.861    1.870    3.874    7.523   10.855   13.216   13.551   14.549   14.628
            0.266667  0.966667  0.266667
   -2.134   -0.921    1.868    3.840    7.482   10.679   13.394   13.796   14.488   14.626
            0.258333  0.983333  0.258333
   -2.074   -0.977    1.879    3.808    7.444   10.505   13.550   14.035   14.436   14.654
            0.250000  1.000000  0.250000
   -2.028   -1.024    1.903    3.779    7.410   10.336   13.673   14.221   14.438   14.721
            0.241667  1.000000  0.258333
   -2.027   -1.024    1.903    3.775    7.416   10.336   13.654   14.240   14.385   14.774
            0.233333  1.000000  0.266667
   -2.025   -1.025    1.905    3.763    7.434   10.338   13.602   14.278   14.292   14.882
            0.225000  1.000000  0.275000
   -2.022   -1.026    1.907    3.743    7.464   10.340   13.529   14.156   14.364   15.004
            0.216667  1.000000  0.283333
   -2.018   -1.028    1.911    3.715    7.506   10.343   13.445   14.029   14.447   15.131
            0.208333  1.000000  0.291667
   -2.012   -1.031    1.916    3.681    7.558   10.347   13.354   13.901   14.537   15.260
            0.200000  1.000000  0.300000
   -2.005   -1.034    1.921    3.640    7.620   10.351   13.260   13.772   14.631   15.389
            0.191667  1.000000  0.308333
   -1.996   -1.037    1.928    3.594    7.692   10.357   13.163   13.643   14.726   15.519
            0.183333  1.000000  0.316667
   -1.987   -1.042    1.936    3.544    7.773   10.363   13.064   13.514   14.823   15.647
            0.175000  1.000000  0.325000
   -1.976   -1.047    1.944    3.489    7.861   10.370   12.965   13.386   14.921   15.775
            0.166667  1.000000  0.333333
   -1.964   -1.052    1.954    3.431    7.958   10.378   12.866   13.258   15.019   15.901
            0.158333  1.000000  0.341667
   -1.950   -1.059    1.965    3.371    8.060   10.387   12.767   13.131   15.116   16.025
            0.150000  1.000000  0.350000
   -1.935   -1.067    1.977    3.308    8.170   10.396   12.667   13.005   15.214   16.147
            0.141667  1.000000  0.358333
   -1.919   -1.075    1.989    3.244    8.284   10.406   12.568   12.880   15.311   16.265
            0.133333  1.000000  0.366667
   -1.902   -1.085    2.003    3.180    8.404   10.416   12.470   12.755   15.407   16.379
            0.125000  1.000000  0.375000
   -1.883   -1.096    2.018    3.115    8.528   10.427   12.372   12.632   15.503   16.489
            0.116667  1.000000  0.383333
   -1.863   -1.107    2.034    3.051    8.657   10.438   12.275   12.510   15.598   16.593
            0.108333  1.000000  0.391667
   -1.842   -1.121    2.050    2.987    8.789   10.450   12.180   12.389   15.692   16.690
            0.100000  1.000000  0.400000
   -1.819   -1.135    2.068    2.924    8.924   10.462   12.085   12.269   15.785   16.779
            0.091667  1.000000  0.408333
   -1.796   -1.152    2.087    2.863    9.063   10.474   11.992   12.151   15.877   16.857
            0.083333  1.000000  0.416667
   -1.771   -1.169    2.106    2.803    9.204   10.486   11.901   12.034   15.967   16.923
            0.075000  1.000000  0.425000
   -1.744   -1.189    2.127    2.745    9.348   10.497   11.811   11.920   16.057   16.976
            0.066667  1.000000  0.433333
   -1.717   -1.210    2.148    2.690    9.493   10.508   11.725   11.807   16.145   17.013
            0.058333  1.000000  0.441667
   -1.688   -1.233    2.171    2.637    9.639   10.517   11.641   11.697   16.232   17.034
            0.050000  1.000000  0.450000
   -1.658   -1.258    2.194    2.587    9.785   10.524   11.560   11.591   16.316   17.038
            0.041667  1.000000  0.458333
   -1.626   -1.285    2.218    2.539    9.931   10.529   11.484   11.489   16.400   17.026
            0.033333  1.000000  0.466667
   -1.594   -1.314    2.243    2.495   10.072   10.531   11.394   11.413   16.481   16.999
            0.025000  1.000000  0.475000
   -1.560   -1.345    2.269    2.454   10.208   10.528   11.309   11.349   16.560   16.960
            0.016667  1.000000  0.483333
   -1.524   -1.378    2.296    2.417   10.329   10.519   11.241   11.293   16.637   16.909
            0.008333  1.000000  0.491667
   -1.488   -1.413    2.323    2.383   10.424   10.502   11.202   11.245   16.711   16.850
            0.000000  1.000000  0.500000
   -1.450   -1.450    2.352    2.352   10.478   10.478   11.208   11.208   16.783   16.783
            0.016667  0.983333  0.500000
   -1.559   -1.343    2.275    2.438   10.386   10.540   11.141   11.315   16.568   16.963
            0.033333  0.966667  0.500000
   -1.669   -1.238    2.208    2.531   10.283   10.547   11.139   11.443   16.320   17.107
            0.050000  0.950000  0.500000
   -1.777   -1.136    2.152    2.631   10.177   10.495   11.206   11.583   16.045   17.217
            0.066667  0.933333  0.500000
   -1.885   -1.040    2.109    2.736   10.074   10.407   11.318   11.732   15.748   17.297
            0.083333  0.916667  0.500000
   -1.992   -0.950    2.080    2.847    9.974   10.304   11.455   11.888   15.435   17.350
            0.100000  0.900000  0.500000
   -2.096   -0.868    2.067    2.961    9.879   10.195   11.608   12.048   15.110   17.380
            0.116667  0.883333  0.500000
   -2.198   -0.795    2.071    3.078    9.790   10.085   11.771   12.212   14.778   17.389
            0.133333  0.866667  0.500000
   -2.296   -0.732    2.093    3.199    9.707    9.976   11.943   12.381   14.441   17.379
            0.150000  0.850000  0.500000
   -2.392   -0.681    2.135    3.320    9.632    9.869   12.123   12.552   14.102   17.351
            0.166667  0.833333  0.500000
   -2.484   -0.641    2.195    3.443    9.563    9.763   12.309   12.725   13.762   17.305
            0.183333  0.816667  0.500000
   -2.573   -0.611    2.274    3.566    9.502    9.661   12.501   12.901   13.425   17.241
            0.200000  0.800000  0.500000
   -2.658   -0.592    2.371    3.689    9.449    9.560   12.699   13.077   13.090   17.157
            0.216667  0.783333  0.500000
   -2.739   -0.582    2.484    3.810    9.404    9.463   12.759   12.903   13.254   17.053
            0.233333  0.766667  0.500000
   -2.816   -0.579    2.613    3.929    9.367    9.368   12.435   13.112   13.429   16.930
            0.250000  0.750000  0.500000
   -2.888   -0.583    2.754    4.046    9.272    9.339   12.117   13.326   13.601   16.790
            0.266667  0.733333  0.500000
   -2.957   -0.593    2.908    4.158    9.179    9.320   11.808   13.545   13.768   16.640
            0.283333  0.716667  0.500000
   -3.021   -0.605    3.072    4.267    9.085    9.309   11.510   13.770   13.926   16.486
            0.300000  0.700000  0.500000
   -3.080   -0.621    3.244    4.370    8.989    9.306   11.224   13.999   14.069   16.339
            0.316667  0.683333  0.500000
   -3.135   -0.638    3.423    4.467    8.891    9.310   10.953   14.190   14.233   16.210
            0.333333  0.666667  0.500000
   -3.185   -0.656    3.606    4.557    8.788    9.323   10.700   14.281   14.471   16.113
            0.350000  0.650000  0.500000
   -3.231   -0.674    3.793    4.641    8.679    9.341   10.468   14.332   14.714   16.061
            0.366667  0.633333  0.500000
   -3.272   -0.691    3.980    4.716    8.562    9.365   10.260   14.340   14.961   16.059
            0.383333  0.616667  0.500000
   -3.308   -0.707    4.166    4.783    8.437    9.393   10.080   14.308   15.211   16.107
            0.400000  0.600000  0.500000
   -3.340   -0.722    4.346    4.842    8.305    9.424    9.927   14.249   15.464   16.192
            0.416667  0.583333  0.500000
   -3.366   -0.735    4.517    4.892    8.170    9.454    9.803   14.176   15.719   16.303
            0.433333  0.566667  0.500000
   -3.388   -0.746    4.674    4.933    8.039    9.483    9.706   14.102   15.975   16.425
            0.450000  0.550000  0.500000
   -3.405   -0.755    4.809    4.965    7.921    9.509    9.634   14.036   16.227   16.546
            0.466667  0.533333  0.500000
   -3.417   -0.761    4.915    4.988    7.826    9.528    9.584   13.984   16.467   16.653
            0.483333  0.516667  0.500000
   -3.425   -0.765    4.983    5.002    7.763    9.541    9.555   13.951   16.668   16.730
            0.500000  0.500000  0.500000
   -3.427   -0.766    5.006    5.006    7.741    9.545    9.545   13.940   16.758   16.758
            0.483667  0.508000  0.508000
   -3.425   -0.766    4.989    5.003    7.757    9.542    9.552   13.948   16.693   16.737
            0.467333  0.516000  0.516000
   -3.420   -0.763    4.940    4.993    7.802    9.534    9.572   13.971   16.537   16.681
            0.451000  0.524000  0.524000
   -3.412   -0.758    4.862    4.978    7.872    9.521    9.605   14.009   16.344   16.601
            0.434667  0.532000  0.532000
   -3.400   -0.752    4.760    4.956    7.962    9.507    9.652   14.059   16.136   16.507
            0.418333  0.540000  0.540000
   -3.384   -0.744    4.639    4.929    8.063    9.495    9.710   14.117   15.926   16.406
            0.402000  0.548000  0.548000
   -3.365   -0.734    4.502    4.897    8.167    9.490    9.781   14.179   15.720   16.301
            0.385667  0.556000  0.556000
   -3.343   -0.723    4.355    4.860    8.264    9.501    9.863   14.237   15.524   16.195
            0.369333  0.564000  0.564000
   -3.317   -0.711    4.199    4.820    8.344    9.534    9.956   14.280   15.348   16.089
            0.353000  0.572000  0.572000
   -3.288   -0.698    4.039    4.776    8.399    9.598   10.059   14.289   15.208   15.984
            0.336667  0.580000  0.580000
   -3.255   -0.684    3.874    4.729    8.426    9.695   10.172   14.245   15.118   15.880
            0.320333  0.588000  0.588000
   -3.219   -0.669    3.709    4.680    8.426    9.822   10.294   14.142   15.080   15.778
            0.304000  0.596000  0.596000
   -3.180   -0.654    3.543    4.630    8.404    9.976   10.425   13.994   15.078   15.679
            0.287667  0.604000  0.604000
   -3.138   -0.639    3.379    4.578    8.366   10.148   10.563   13.820   15.090   15.581
            0.271333  0.612000  0.612000
   -3.092   -0.624    3.217    4.525    8.317   10.335   10.709   13.631   15.101   15.486
            0.255000  0.620000  0.620000
   -3.043   -0.611    3.059    4.472    8.261   10.533   10.863   13.436   15.103   15.394
            0.238667  0.628000  0.628000
   -2.991   -0.600    2.905    4.419    8.200   10.738   11.022   13.239   15.095   15.304
            0.222333  0.636000  0.636000
   -2.936   -0.591    2.757    4.367    8.137   10.948   11.188   13.042   15.075   15.218
            0.206000  0.644000  0.644000
   -2.878   -0.585    2.617    4.315    8.073   11.160   11.360   12.848   15.044   15.134
            0.189667  0.652000  0.652000
   -2.817   -0.584    2.485    4.263    8.009   11.371   11.537   12.662   15.005   15.054
            0.173333  0.660000  0.660000
   -2.754   -0.588    2.363    4.213    7.946   11.571   11.719   12.492   14.958   14.978
            0.157000  0.668000  0.668000
   -2.688   -0.598    2.251    4.165    7.885   11.733   11.905   12.365   14.905   14.906
            0.140667  0.676000  0.676000
   -2.620   -0.614    2.152    4.117    7.825   11.787   12.095   12.351   14.837   14.850
            0.124333  0.684000  0.684000
   -2.550   -0.638    2.067    4.072    7.767   11.701   12.287   12.482   14.774   14.790
            0.108000  0.692000  0.692000
   -2.478   -0.671    1.995    4.028    7.713   11.554   12.482   12.680   14.715   14.727
            0.091667  0.700000  0.700000
   -2.405   -0.711    1.939    3.987    7.661   11.387   12.678   12.902   14.664   14.664
            0.075333  0.708000  0.708000
   -2.333   -0.758    1.897    3.948    7.612   11.216   12.871   13.133   14.599   14.621
            0.059000  0.716000  0.716000
   -2.261   -0.811    1.870    3.910    7.566   11.043   13.061   13.369   14.535   14.590
            0.042667  0.724000  0.724000
   -2.193   -0.867    1.858    3.876    7.524   10.872   13.241   13.606   14.472   14.575
            0.026333  0.732000  0.732000
   -2.130   -0.923    1.858    3.843    7.485   10.704   13.405   13.842   14.413   14.582
            0.010000  0.740000  0.740000
   -2.077   -0.974    1.872    3.813    7.450   10.538   13.543   14.061   14.372   14.622
            0.009667  0.748667  0.715333
   -2.113   -0.936    1.852    3.825    7.506   10.702   13.372   14.018   14.143   14.706
            0.009333  0.757333  0.690667
   -2.146   -0.898    1.839    3.806    7.610   10.869   13.118   13.768   14.120   14.879
            0.009000  0.766000  0.666000
   -2.175   -0.862    1.834    3.761    7.757   11.037   12.841   13.431   14.206   15.064
            0.008667  0.774667  0.641333
   -2.201   -0.827    1.836    3.695    7.943   11.199   12.565   13.092   14.305   15.253
            0.008333  0.783333  0.616667
   -2.224   -0.794    1.846    3.614    8.161   11.341   12.311   12.754   14.409   15.444
            0.008000  0.792000  0.592000
   -2.244   -0.763    1.863    3.523    8.406   11.417   12.127   12.422   14.515   15.636
            0.007667  0.800667  0.567333
   -2.260   -0.735    1.887    3.428    8.674   11.343   12.059   12.136   14.621   15.826
            0.007333  0.809333  0.542667
   -2.272   -0.710    1.919    3.333    8.959   11.137   11.764   12.223   14.727   16.014
            0.007000  0.818000  0.518000
   -2.281   -0.690    1.957    3.241    9.257   10.881   11.452   12.393   14.832   16.199
            0.006667  0.826667  0.493333
   -2.287   -0.675    2.002    3.155    9.561   10.609   11.152   12.589   14.935   16.379
            0.006333  0.835333  0.468667
   -2.289   -0.666    2.053    3.078    9.856   10.334   10.879   12.798   15.037   16.553
            0.006000  0.844000  0.444000
   -2.287   -0.664    2.111    3.011   10.039   10.094   10.700   13.015   15.138   16.718
            0.005667  0.852667  0.419333
   -2.281   -0.669    2.175    2.955    9.783   10.036   10.798   13.238   15.237   16.874
            0.005333  0.861333  0.394667
   -2.272   -0.682    2.244    2.913    9.516    9.814   11.090   13.467   15.335   17.018
            0.005000  0.870000  0.370000
   -2.259   -0.703    2.318    2.885    9.254    9.556   11.434   13.699   15.432   17.148
            0.004667  0.878667  0.345333
   -2.241   -0.733    2.396    2.870    9.000    9.293   11.798   13.934   15.528   17.261
            0.004333  0.887333  0.320667
   -2.221   -0.770    2.479    2.869    8.753    9.035   12.172   14.171   15.625   17.355
            0.004000  0.896000  0.296000
   -2.196   -0.814    2.565    2.881    8.515    8.783   12.553   14.409   15.722   17.425
            0.003667  0.904667  0.271333
   -2.167   -0.865    2.653    2.905    8.286    8.539   12.940   14.646   15.821   17.468
            0.003333  0.913333  0.246667
   -2.135   -0.922    2.743    2.939    8.069    8.306   13.330   14.880   15.923   17.480
            0.003000  0.922000  0.222000
   -2.098   -0.984    2.833    2.981    7.865    8.085   13.722   15.109   16.031   17.463
            0.002667  0.930667  0.197333
   -2.058   -1.050    2.921    3.030    7.674    7.877   14.113   15.327   16.147   17.423
            0.002333  0.939333  0.172667
   -2.014   -1.118    3.007    3.084    7.500    7.683   14.502   15.532   16.275   17.367
            0.002000  0.948000  0.148000
   -1.967   -1.189    3.088    3.139    7.343    7.506   14.885   15.716   16.417   17.303
            0.001667  0.956667  0.123333
   -1.916   -1.261    3.162    3.194    7.207    7.347   15.254   15.876   16.575   17.239
            0.001333  0.965333  0.098667
   -1.862   -1.333    3.227    3.244    7.094    7.210   15.600   16.012   16.743   17.182
            0.001000  0.974000  0.074000
   -1.804   -1.405    3.280    3.288    7.006    7.096   15.904   16.125   16.908   17.143
            0.000667  0.982667  0.049333
   -1.743   -1.476    3.320    3.323    6.946    7.007   16.137   16.216   17.052   17.137
            0.000333  0.991333  0.024667
   -1.680   -1.546    3.344    3.345    6.916    6.947   16.271   16.282   17.152   17.164
            0.000000  1.000000  0.000000
   -1.614   -1.614    3.352    3.352    6.916    6.916   16.309   16.309   17.186   17.186
