 &plot nbnd=   8, nks=    81 /
            0.500000  0.500000  0.500000
   -4.864   -1.771    4.428    4.428    6.021    9.542    9.542   13.115
            0.475000  0.475000  0.475000
   -4.892   -1.728    4.433    4.433    6.026    9.545    9.545   13.123
            0.450000  0.450000  0.450000
   -4.971   -1.602    4.449    4.449    6.042    9.552    9.552   13.145
            0.425000  0.425000  0.425000
   -5.089   -1.406    4.475    4.475    6.069    9.564    9.564   13.178
            0.400000  0.400000  0.400000
   -5.234   -1.151    4.512    4.512    6.107    9.577    9.577   13.215
            0.375000  0.375000  0.375000
   -5.394   -0.851    4.559    4.559    6.155    9.588    9.588   13.231
            0.350000  0.350000  0.350000
   -5.561   -0.513    4.616    4.616    6.213    9.594    9.594   13.150
            0.325000  0.325000  0.325000
   -5.728   -0.145    4.683    4.683    6.280    9.590    9.590   12.869
            0.300000  0.300000  0.300000
   -5.891    0.248    4.760    4.760    6.356    9.570    9.570   12.458
            0.275000  0.275000  0.275000
   -6.047    0.664    4.845    4.845    6.440    9.529    9.529   12.009
            0.250000  0.250000  0.250000
   -6.193    1.098    4.938    4.938    6.529    9.465    9.465   11.550
            0.225000  0.225000  0.225000
   -6.329    1.549    5.039    5.039    6.622    9.375    9.375   11.092
            0.200000  0.200000  0.200000
   -6.452    2.014    5.145    5.145    6.715    9.261    9.261   10.638
            0.175000  0.175000  0.175000
   -6.562    2.491    5.256    5.256    6.802    9.129    9.129   10.193
            0.150000  0.150000  0.150000
   -6.658    2.978    5.368    5.368    6.874    8.985    8.985    9.762
            0.125000  0.125000  0.125000
   -6.740    3.471    5.478    5.478    6.916    8.837    8.837    9.356
            0.100000  0.100000  0.100000
   -6.808    3.968    5.581    5.581    6.904    8.696    8.696    8.995
            0.075000  0.075000  0.075000
   -6.861    4.464    5.673    5.673    6.806    8.570    8.570    8.707
            0.050000  0.050000  0.050000
   -6.899    4.953    5.745    5.745    6.596    8.471    8.471    8.515
            0.025000  0.025000  0.025000
   -6.921    5.425    5.793    5.793    6.281    8.407    8.407    8.414
            0.000000  0.000000  0.000000
   -6.929    5.809    5.809    5.809    5.946    8.385    8.385    8.385
            0.000000  0.050000  0.000000
   -6.919    5.384    5.757    5.757    6.368    8.350    8.450    8.450
            0.000000  0.100000  0.000000
   -6.888    4.897    5.617    5.617    6.845    8.252    8.632    8.632
            0.000000  0.150000  0.000000
   -6.838    4.410    5.417    5.417    7.309    8.105    8.900    8.900
            0.000000  0.200000  0.000000
   -6.767    3.925    5.184    5.184    7.749    7.928    9.227    9.227
            0.000000  0.250000  0.000000
   -6.676    3.444    4.938    4.938    7.733    8.147    9.595    9.595
            0.000000  0.300000  0.000000
   -6.566    2.967    4.689    4.689    7.534    8.478    9.990    9.990
            0.000000  0.350000  0.000000
   -6.435    2.493    4.446    4.446    7.338    8.706   10.404   10.404
            0.000000  0.400000  0.000000
   -6.285    2.024    4.212    4.212    7.152    8.801   10.833   10.833
            0.000000  0.450000  0.000000
   -6.115    1.560    3.991    3.991    6.980    8.756   11.272   11.272
            0.000000  0.500000  0.000000
   -5.926    1.102    3.786    3.786    6.825    8.602   11.718   11.718
            0.000000  0.550000  0.000000
   -5.719    0.648    3.597    3.597    6.688    8.379   12.168   12.168
            0.000000  0.600000  0.000000
   -5.493    0.201    3.425    3.425    6.573    8.125   12.621   12.621
            0.000000  0.650000  0.000000
   -5.248   -0.239    3.273    3.273    6.480    7.863   13.073   13.073
            0.000000  0.700000  0.000000
   -4.986   -0.672    3.139    3.139    6.411    7.608   13.522   13.522
            0.000000  0.750000  0.000000
   -4.706   -1.097    3.026    3.026    6.366    7.368   13.963   13.963
            0.000000  0.800000  0.000000
   -4.410   -1.513    2.933    2.933    6.346    7.150   14.387   14.387
            0.000000  0.850000  0.000000
   -4.097   -1.919    2.860    2.860    6.352    6.955   14.779   14.779
            0.000000  0.900000  0.000000
   -3.769   -2.314    2.807    2.807    6.385    6.787   15.114   15.114
            0.000000  0.950000  0.000000
   -3.426   -2.697    2.776    2.776    6.444    6.645   15.350   15.350
            0.000000  1.000000  0.000000
   -3.068   -3.068    2.766    2.766    6.531    6.531   15.437   15.437
            0.000000  0.987500  0.037500
   -3.157   -2.976    2.750    2.751    6.539    6.589   15.373   15.387
            0.000000  0.975000  0.075000
   -3.242   -2.881    2.704    2.711    6.614    6.709   15.159   15.262
            0.000000  0.962500  0.112500
   -3.322   -2.786    2.630    2.653    6.750    6.886   14.794   15.083
            0.000000  0.950000  0.150000
   -3.395   -2.692    2.535    2.586    6.941    7.112   14.319   14.862
           -0.000000  0.937500  0.187500
   -3.462   -2.601    2.425    2.518    7.181    7.379   13.780   14.608
            0.000000  0.925000  0.225000
   -3.522   -2.516    2.306    2.457    7.461    7.681   13.208   14.325
            0.000000  0.912500  0.262500
   -3.574   -2.438    2.184    2.410    7.777    8.013   12.623   14.020
            0.000000  0.900000  0.300000
   -3.619   -2.370    2.064    2.382    8.122    8.369   12.037   13.700
            0.000000  0.887500  0.337500
   -3.656   -2.313    1.948    2.376    8.493    8.746   11.459   13.370
            0.000000  0.875000  0.375000
   -3.685   -2.269    1.841    2.394    8.887    9.134   10.900   13.035
            0.000000  0.862500  0.412500
   -3.707   -2.240    1.743    2.439    9.300    9.506   10.387   12.699
            0.000000  0.850000  0.450000
   -3.720   -2.224    1.657    2.509    9.598    9.730   10.189   12.365
            0.000000  0.837500  0.487500
   -3.725   -2.222    1.584    2.602    9.188   10.174   10.526   12.037
           -0.000000  0.825000  0.525000
   -3.723   -2.232    1.524    2.713    8.721   10.626   10.955   11.720
            0.000000  0.812500  0.562500
   -3.712   -2.254    1.479    2.835    8.277   11.049   11.398   11.451
            0.000000  0.800000  0.600000
   -3.693   -2.285    1.449    2.960    7.872   11.031   11.639   11.839
            0.000000  0.787500  0.637500
   -3.667   -2.324    1.434    3.075    7.521   10.756   12.097   12.261
            0.000000  0.775000  0.675000
   -3.632   -2.370    1.436    3.165    7.240   10.475   12.566   12.642
            0.000000  0.762500  0.712500
   -3.590   -2.421    1.453    3.211    7.045   10.201   12.949   13.000
            0.000000  0.750000  0.750000
   -3.540   -2.478    1.486    3.201    6.952    9.939   13.145   13.285
            0.000000  0.712500  0.712500
   -3.718   -2.287    1.394    3.335    7.077   10.720   12.758   12.851
            0.000000  0.675000  0.675000
   -3.922   -2.071    1.366    3.485    7.211   11.500   12.397   12.425
            0.000000  0.637500  0.637500
   -4.149   -1.827    1.398    3.648    7.352   12.013   12.065   12.089
            0.000000  0.600000  0.600000
   -4.391   -1.558    1.486    3.822    7.491   11.617   11.770   11.964
            0.000000  0.562500  0.562500
   -4.641   -1.262    1.625    4.005    7.623   11.239   11.519   11.600
            0.000000  0.525000  0.525000
   -4.894   -0.940    1.808    4.194    7.738   10.881   11.224   11.317
            0.000000  0.487500  0.487500
   -5.143   -0.592    2.032    4.386    7.826   10.545   10.863   11.171
            0.000000  0.450000  0.450000
   -5.385   -0.219    2.290    4.577    7.879   10.231   10.524   11.083
            0.000000  0.412500  0.412500
   -5.615    0.180    2.579    4.764    7.893    9.941   10.209   11.046
            0.000000  0.375000  0.375000
   -5.832    0.604    2.894    4.943    7.869    9.674    9.919   11.039
            0.000000  0.337500  0.337500
   -6.033    1.052    3.230    5.110    7.812    9.431    9.653   11.026
            0.000000  0.300000  0.300000
   -6.216    1.525    3.584    5.262    7.732    9.213    9.412   10.954
            0.000000  0.262500  0.262500
   -6.380    2.020    3.949    5.396    7.635    9.020    9.195   10.767
            0.000000  0.225000  0.225000
   -6.524    2.537    4.317    5.511    7.524    8.852    9.002   10.443
            0.000000  0.187500  0.187500
   -6.646    3.073    4.680    5.606    7.398    8.709    8.833   10.009
            0.000000  0.150000  0.150000
   -6.748    3.627    5.025    5.681    7.246    8.593    8.687    9.525
            0.000000  0.112500  0.112500
   -6.827    4.193    5.334    5.738    7.046    8.502    8.564    9.062
            0.000000  0.075000  0.075000
   -6.883    4.765    5.584    5.778    6.761    8.437    8.469    8.690
            0.000000  0.037500  0.037500
   -6.918    5.330    5.750    5.801    6.369    8.398    8.407    8.460
            0.000000  0.000000  0.000000
   -6.929    5.809    5.809    5.809    5.946    8.385    8.385    8.385
