 &plot nbnd=  36, nks=    81 /
            0.500000  0.500000  0.500000
  -16.596  -16.596  -16.563  -16.563  -16.550  -16.550  -16.516  -16.516  -16.034  -16.034
  -16.013  -16.013  -15.974  -15.974  -15.875  -15.875  -15.867  -15.867  -15.863  -15.863
   -2.191   -2.191    0.893    0.893    6.992    6.992    7.178    7.178    8.677    8.677
   12.185   12.185   12.278   12.278   15.644   15.644
            0.475000  0.475000  0.475000
  -16.596  -16.596  -16.564  -16.564  -16.550  -16.550  -16.516  -16.516  -16.035  -16.035
  -16.012  -16.012  -15.973  -15.973  -15.875  -15.875  -15.868  -15.868  -15.862  -15.862
   -2.219   -2.219    0.937    0.937    6.998    6.998    7.184    7.184    8.682    8.682
   12.187   12.187   12.281   12.281   15.651   15.651
            0.450000  0.450000  0.450000
  -16.596  -16.596  -16.565  -16.565  -16.549  -16.549  -16.516  -16.516  -16.036  -16.036
  -16.010  -16.010  -15.973  -15.973  -15.875  -15.875  -15.869  -15.869  -15.861  -15.861
   -2.300   -2.300    1.064    1.064    7.014    7.014    7.200    7.200    8.698    8.698
   12.193   12.193   12.288   12.288   15.673   15.673
            0.425000  0.425000  0.425000
  -16.595  -16.595  -16.567  -16.567  -16.547  -16.547  -16.516  -16.516  -16.039  -16.039
  -16.007  -16.007  -15.972  -15.972  -15.876  -15.876  -15.871  -15.871  -15.860  -15.860
   -2.420   -2.420    1.262    1.262    7.041    7.041    7.227    7.227    8.724    8.724
   12.201   12.201   12.298   12.298   15.707   15.707
            0.400000  0.400000  0.400000
  -16.595  -16.595  -16.568  -16.568  -16.546  -16.546  -16.517  -16.517  -16.043  -16.043
  -16.004  -16.004  -15.972  -15.972  -15.877  -15.877  -15.872  -15.872  -15.858  -15.858
   -2.567   -2.567    1.518    1.518    7.079    7.079    7.265    7.265    8.760    8.760
   12.209   12.209   12.310   12.310   15.744   15.744
            0.375000  0.375000  0.375000
  -16.595  -16.595  -16.570  -16.570  -16.544  -16.544  -16.517  -16.517  -16.046  -16.046
  -16.001  -16.001  -15.971  -15.971  -15.878  -15.878  -15.874  -15.874  -15.856  -15.856
   -2.730   -2.730    1.821    1.821    7.127    7.127    7.313    7.313    8.806    8.806
   12.215   12.215   12.320   12.320   15.765   15.765
            0.350000  0.350000  0.350000
  -16.595  -16.595  -16.572  -16.572  -16.542  -16.542  -16.518  -16.518  -16.050  -16.050
  -15.997  -15.997  -15.970  -15.970  -15.880  -15.880  -15.876  -15.876  -15.855  -15.855
   -2.899   -2.899    2.160    2.160    7.186    7.186    7.372    7.372    8.862    8.862
   12.214   12.214   12.325   12.325   15.697   15.697
            0.325000  0.325000  0.325000
  -16.594  -16.594  -16.574  -16.574  -16.541  -16.541  -16.519  -16.519  -16.054  -16.054
  -15.993  -15.993  -15.968  -15.968  -15.882  -15.882  -15.878  -15.878  -15.853  -15.853
   -3.068   -3.068    2.529    2.529    7.254    7.254    7.440    7.440    8.926    8.926
   12.202   12.202   12.319   12.319   15.433   15.433
            0.300000  0.300000  0.300000
  -16.594  -16.594  -16.576  -16.576  -16.539  -16.539  -16.519  -16.519  -16.058  -16.058
  -15.989  -15.989  -15.967  -15.967  -15.884  -15.884  -15.880  -15.880  -15.851  -15.851
   -3.233   -3.233    2.924    2.924    7.332    7.332    7.519    7.519    9.000    9.000
   12.174   12.174   12.297   12.297   15.032   15.032
            0.275000  0.275000  0.275000
  -16.593  -16.593  -16.578  -16.578  -16.537  -16.537  -16.520  -16.520  -16.062  -16.062
  -15.985  -15.985  -15.965  -15.965  -15.886  -15.886  -15.882  -15.882  -15.849  -15.849
   -3.391   -3.391    3.340    3.340    7.419    7.419    7.606    7.606    9.080    9.080
   12.126   12.126   12.256   12.256   14.589   14.589
            0.250000  0.250000  0.250000
  -16.593  -16.593  -16.580  -16.580  -16.536  -16.536  -16.521  -16.521  -16.066  -16.066
  -15.981  -15.981  -15.963  -15.963  -15.888  -15.888  -15.885  -15.885  -15.848  -15.848
   -3.539   -3.539    3.774    3.774    7.514    7.514    7.701    7.701    9.166    9.166
   12.055   12.055   12.190   12.190   14.137   14.137
            0.225000  0.225000  0.225000
  -16.592  -16.592  -16.581  -16.581  -16.534  -16.534  -16.522  -16.522  -16.070  -16.070
  -15.977  -15.977  -15.962  -15.962  -15.890  -15.890  -15.887  -15.887  -15.846  -15.846
   -3.676   -3.676    4.225    4.225    7.616    7.616    7.804    7.804    9.256    9.256
   11.960   11.960   12.100   12.100   13.685   13.685
            0.200000  0.200000  0.200000
  -16.592  -16.592  -16.583  -16.583  -16.533  -16.533  -16.523  -16.523  -16.074  -16.074
  -15.972  -15.972  -15.960  -15.960  -15.893  -15.893  -15.890  -15.890  -15.844  -15.844
   -3.800   -3.800    4.688    4.688    7.724    7.724    7.913    7.913    9.345    9.345
   11.844   11.844   11.987   11.987   13.239   13.239
            0.175000  0.175000  0.175000
  -16.591  -16.591  -16.584  -16.584  -16.531  -16.531  -16.523  -16.523  -16.077  -16.077
  -15.968  -15.968  -15.958  -15.958  -15.895  -15.895  -15.892  -15.892  -15.843  -15.843
   -3.911   -3.911    5.163    5.163    7.836    7.836    8.025    8.025    9.428    9.428
   11.711   11.711   11.855   11.855   12.802   12.802
            0.150000  0.150000  0.150000
  -16.591  -16.591  -16.585  -16.585  -16.530  -16.530  -16.524  -16.524  -16.080  -16.080
  -15.964  -15.964  -15.956  -15.956  -15.897  -15.897  -15.895  -15.895  -15.842  -15.842
   -4.008   -4.008    5.646    5.646    7.949    7.949    8.139    8.139    9.496    9.496
   11.567   11.567   11.712   11.712   12.381   12.381
            0.125000  0.125000  0.125000
  -16.590  -16.590  -16.586  -16.586  -16.530  -16.530  -16.525  -16.525  -16.083  -16.083
  -15.960  -15.960  -15.954  -15.954  -15.900  -15.900  -15.897  -15.897  -15.841  -15.841
   -4.091   -4.091    6.136    6.136    8.060    8.060    8.251    8.251    9.534    9.534
   11.420   11.420   11.565   11.565   11.988   11.988
            0.100000  0.100000  0.100000
  -16.590  -16.590  -16.587  -16.587  -16.529  -16.529  -16.526  -16.526  -16.085  -16.085
  -15.956  -15.956  -15.952  -15.952  -15.902  -15.902  -15.900  -15.900  -15.840  -15.840
   -4.159   -4.159    6.627    6.627    8.164    8.164    8.356    8.356    9.519    9.519
   11.276   11.276   11.424   11.424   11.642   11.642
            0.075000  0.075000  0.075000
  -16.590  -16.590  -16.588  -16.588  -16.528  -16.528  -16.526  -16.526  -16.087  -16.087
  -15.953  -15.953  -15.951  -15.951  -15.903  -15.903  -15.902  -15.902  -15.839  -15.839
   -4.213   -4.213    7.116    7.116    8.257    8.257    8.450    8.450    9.423    9.423
   11.138   11.138   11.299   11.299   11.377   11.377
            0.050000  0.050000  0.050000
  -16.589  -16.589  -16.589  -16.589  -16.527  -16.527  -16.526  -16.526  -16.088  -16.088
  -15.951  -15.951  -15.949  -15.949  -15.905  -15.905  -15.904  -15.904  -15.839  -15.839
   -4.251   -4.251    7.594    7.594    8.332    8.332    8.524    8.524    9.220    9.220
   11.014   11.014   11.200   11.200   11.215   11.215
            0.025000  0.025000  0.025000
  -16.589  -16.589  -16.589  -16.589  -16.527  -16.527  -16.527  -16.527  -16.089  -16.089
  -15.949  -15.949  -15.949  -15.949  -15.906  -15.906  -15.905  -15.905  -15.838  -15.838
   -4.274   -4.274    8.043    8.043    8.390    8.390    8.572    8.572    8.918    8.918
   10.930   10.930   11.136   11.136   11.137   11.137
            0.000000  0.000000  0.000000
  -16.589  -16.589  -16.589  -16.589  -16.527  -16.527  -16.527  -16.527  -16.089  -16.089
  -15.948  -15.948  -15.948  -15.948  -15.906  -15.906  -15.906  -15.906  -15.838  -15.838
   -4.281   -4.281    8.295    8.295    8.533    8.533    8.589    8.589    8.589    8.589
   10.901   10.901   11.114   11.114   11.114   11.114
            0.000000  0.050000  0.000000
  -16.589  -16.589  -16.589  -16.589  -16.527  -16.527  -16.527  -16.527  -16.089  -16.089
  -15.949  -15.949  -15.949  -15.949  -15.906  -15.906  -15.905  -15.905  -15.838  -15.838
   -4.271   -4.271    8.001    8.001    8.358    8.358    8.533    8.533    9.006    9.006
   10.925   10.925   11.124   11.124   11.175   11.175
            0.000000  0.100000  0.000000
  -16.589  -16.589  -16.589  -16.589  -16.527  -16.527  -16.526  -16.526  -16.088  -16.088
  -15.952  -15.952  -15.949  -15.949  -15.905  -15.905  -15.903  -15.903  -15.839  -15.839
   -4.241   -4.241    7.534    7.534    8.218    8.218    8.381    8.381    9.470    9.470
   10.886   10.886   11.257   11.257   11.345   11.345
            0.000000  0.150000  0.000000
  -16.589  -16.589  -16.588  -16.588  -16.528  -16.528  -16.526  -16.526  -16.086  -16.086
  -15.956  -15.956  -15.950  -15.950  -15.903  -15.903  -15.901  -15.901  -15.839  -15.839
   -4.190   -4.190    7.057    7.057    8.027    8.027    8.168    8.168    9.924    9.924
   10.756   10.756   11.520   11.520   11.599   11.599
            0.000000  0.200000  0.000000
  -16.590  -16.590  -16.587  -16.587  -16.529  -16.529  -16.525  -16.525  -16.083  -16.083
  -15.961  -15.961  -15.951  -15.951  -15.902  -15.902  -15.898  -15.898  -15.840  -15.840
   -4.118   -4.118    6.579    6.579    7.803    7.803    7.924    7.924   10.356   10.356
   10.584   10.584   11.850   11.850   11.912   11.912
            0.000000  0.250000  0.000000
  -16.590  -16.590  -16.587  -16.587  -16.530  -16.530  -16.524  -16.524  -16.080  -16.080
  -15.966  -15.966  -15.952  -15.952  -15.899  -15.899  -15.895  -15.895  -15.841  -15.841
   -4.027   -4.027    6.104    6.104    7.563    7.563    7.667    7.667   10.394   10.394
   10.747   10.747   12.220   12.220   12.265   12.265
            0.000000  0.300000  0.000000
  -16.590  -16.590  -16.586  -16.586  -16.531  -16.531  -16.523  -16.523  -16.077  -16.077
  -15.971  -15.971  -15.953  -15.953  -15.897  -15.897  -15.893  -15.893  -15.842  -15.842
   -3.915   -3.915    5.631    5.631    7.320    7.320    7.409    7.409   10.200   10.200
   11.074   11.074   12.617   12.617   12.646   12.646
            0.000000  0.350000  0.000000
  -16.590  -16.590  -16.585  -16.585  -16.532  -16.532  -16.522  -16.522  -16.072  -16.072
  -15.977  -15.977  -15.955  -15.955  -15.893  -15.893  -15.891  -15.891  -15.843  -15.843
   -3.783   -3.783    5.162    5.162    7.081    7.081    7.158    7.158   10.008   10.008
   11.305   11.305   13.032   13.032   13.046   13.046
            0.000000  0.400000  0.000000
  -16.590  -16.590  -16.584  -16.584  -16.533  -16.533  -16.521  -16.521  -16.068  -16.068
  -15.982  -15.982  -15.956  -15.956  -15.891  -15.891  -15.890  -15.890  -15.843  -15.843
   -3.632   -3.632    4.696    4.696    6.850    6.850    6.917    6.917    9.827    9.827
   11.409   11.409   13.460   13.460   13.460   13.460
            0.000000  0.450000  0.000000
  -16.590  -16.590  -16.582  -16.582  -16.535  -16.535  -16.520  -16.520  -16.063  -16.063
  -15.987  -15.987  -15.958  -15.958  -15.891  -15.891  -15.886  -15.886  -15.843  -15.843
   -3.461   -3.461    4.235    4.235    6.632    6.632    6.689    6.689    9.659    9.659
   11.379   11.379   13.885   13.885   13.897   13.897
            0.000000  0.500000  0.000000
  -16.590  -16.590  -16.581  -16.581  -16.536  -16.536  -16.520  -16.520  -16.057  -16.057
  -15.992  -15.992  -15.960  -15.960  -15.893  -15.893  -15.882  -15.882  -15.843  -15.843
   -3.271   -3.271    3.778    3.778    6.428    6.428    6.477    6.477    9.509    9.509
   11.241   11.241   14.316   14.316   14.341   14.341
            0.000000  0.550000  0.000000
  -16.590  -16.590  -16.580  -16.580  -16.536  -16.536  -16.519  -16.519  -16.052  -16.052
  -15.997  -15.997  -15.962  -15.962  -15.895  -15.895  -15.878  -15.878  -15.843  -15.843
   -3.062   -3.062    3.326    3.326    6.239    6.239    6.282    6.282    9.377    9.377
   11.034   11.034   14.754   14.754   14.789   14.789
            0.000000  0.600000  0.000000
  -16.590  -16.590  -16.580  -16.580  -16.537  -16.537  -16.519  -16.519  -16.046  -16.046
  -16.001  -16.001  -15.963  -15.963  -15.899  -15.899  -15.874  -15.874  -15.843  -15.843
   -2.834   -2.834    2.880    2.880    6.069    6.069    6.105    6.105    9.266    9.266
   10.793   10.793   15.194   15.194   15.239   15.239
            0.000000  0.650000  0.000000
  -16.590  -16.590  -16.580  -16.580  -16.537  -16.537  -16.519  -16.519  -16.041  -16.041
  -16.005  -16.005  -15.964  -15.964  -15.904  -15.904  -15.869  -15.869  -15.842  -15.842
   -2.587   -2.587    2.440    2.440    5.916    5.916    5.947    5.947    9.178    9.178
   10.542   10.542   15.636   15.636   15.688   15.688
            0.000000  0.700000  0.000000
  -16.589  -16.589  -16.579  -16.579  -16.536  -16.536  -16.520  -16.520  -16.036  -16.036
  -16.008  -16.008  -15.964  -15.964  -15.909  -15.909  -15.865  -15.865  -15.842  -15.842
   -2.323   -2.323    2.007    2.007    5.783    5.783    5.809    5.809    9.112    9.112
   10.296   10.296   16.075   16.075   16.134   16.134
            0.000000  0.750000  0.000000
  -16.588  -16.588  -16.579  -16.579  -16.535  -16.535  -16.520  -16.520  -16.031  -16.031
  -16.010  -16.010  -15.964  -15.964  -15.914  -15.914  -15.861  -15.861  -15.841  -15.841
   -2.042   -2.042    1.582    1.582    5.670    5.670    5.691    5.691    9.071    9.071
   10.064   10.064   16.508   16.508   16.571   16.571
            0.000000  0.800000  0.000000
  -16.588  -16.588  -16.580  -16.580  -16.534  -16.534  -16.521  -16.521  -16.027  -16.027
  -16.013  -16.013  -15.962  -15.962  -15.920  -15.920  -15.857  -15.857  -15.841  -15.841
   -1.743   -1.743    1.166    1.166    5.577    5.577    5.594    5.594    9.054    9.054
    9.851    9.851   16.926   16.926   16.990   16.990
            0.000000  0.850000  0.000000
  -16.587  -16.587  -16.581  -16.581  -16.533  -16.533  -16.522  -16.522  -16.024  -16.024
  -16.014  -16.014  -15.959  -15.959  -15.926  -15.926  -15.854  -15.854  -15.842  -15.842
   -1.429   -1.429    0.759    0.759    5.505    5.505    5.517    5.517    9.062    9.062
    9.661    9.661   17.316   17.316   17.376   17.376
            0.000000  0.900000  0.000000
  -16.586  -16.586  -16.582  -16.582  -16.531  -16.531  -16.524  -16.524  -16.022  -16.022
  -16.016  -16.016  -15.955  -15.955  -15.933  -15.933  -15.851  -15.851  -15.843  -15.843
   -1.099   -1.099    0.363    0.363    5.454    5.454    5.462    5.462    9.096    9.096
    9.496    9.496   17.653   17.653   17.703   17.703
            0.000000  0.950000  0.000000
  -16.585  -16.585  -16.582  -16.582  -16.529  -16.529  -16.525  -16.525  -16.020  -16.020
  -16.017  -16.017  -15.950  -15.950  -15.939  -15.939  -15.848  -15.848  -15.844  -15.844
   -0.753   -0.753   -0.022   -0.022    5.424    5.424    5.428    5.428    9.157    9.157
    9.356    9.356   17.898   17.898   17.927   17.927
            0.000000  1.000000  0.000000
  -16.583  -16.583  -16.583  -16.583  -16.527  -16.527  -16.527  -16.527  -16.018  -16.018
  -16.018  -16.018  -15.945  -15.945  -15.945  -15.945  -15.846  -15.846  -15.846  -15.846
   -0.394   -0.394   -0.394   -0.394    5.415    5.415    5.415    5.415    9.243    9.243
    9.243    9.243   17.999   17.999   17.999   17.999
            0.000000  0.987500  0.037500
  -16.585  -16.585  -16.582  -16.582  -16.529  -16.529  -16.525  -16.525  -16.020  -16.020
  -16.016  -16.016  -15.947  -15.947  -15.943  -15.943  -15.848  -15.848  -15.843  -15.843
   -0.484   -0.484   -0.301   -0.301    5.394    5.394    5.407    5.407    9.250    9.250
    9.301    9.301   17.924   17.924   17.962   17.962
            0.000000  0.975000  0.075000
  -16.586  -16.586  -16.582  -16.582  -16.531  -16.531  -16.523  -16.523  -16.023  -16.023
  -16.014  -16.014  -15.949  -15.949  -15.942  -15.942  -15.851  -15.851  -15.841  -15.841
   -0.569   -0.569   -0.206   -0.206    5.347    5.347    5.372    5.372    9.321    9.321
    9.419    9.419   17.714   17.714   17.834   17.834
            0.000000  0.962500  0.112500
  -16.587  -16.587  -16.581  -16.581  -16.533  -16.533  -16.521  -16.521  -16.025  -16.025
  -16.011  -16.011  -15.951  -15.951  -15.940  -15.940  -15.853  -15.853  -15.839  -15.839
   -0.649   -0.649   -0.111   -0.111    5.275    5.275    5.317    5.317    9.453    9.453
    9.592    9.592   17.355   17.355   17.652   17.652
            0.000000  0.950000  0.150000
  -16.588  -16.588  -16.580  -16.580  -16.534  -16.534  -16.520  -16.520  -16.026  -16.026
  -16.009  -16.009  -15.953  -15.953  -15.939  -15.939  -15.855  -15.855  -15.837  -15.837
   -0.722   -0.722   -0.016   -0.016    5.184    5.184    5.251    5.251    9.639    9.639
    9.812    9.812   16.888   16.888   17.430   17.430
           -0.000000  0.937500  0.187500
  -16.589  -16.589  -16.579  -16.579  -16.536  -16.536  -16.518  -16.518  -16.028  -16.028
  -16.007  -16.007  -15.955  -15.955  -15.938  -15.938  -15.858  -15.858  -15.835  -15.835
   -0.789   -0.789    0.075    0.075    5.078    5.078    5.184    5.184    9.872    9.872
   10.073   10.073   16.359   16.359   17.175   17.175
            0.000000  0.925000  0.225000
  -16.590  -16.590  -16.578  -16.578  -16.537  -16.537  -16.516  -16.516  -16.029  -16.029
  -16.004  -16.004  -15.957  -15.957  -15.938  -15.938  -15.859  -15.859  -15.833  -15.833
   -0.849   -0.849    0.161    0.161    4.963    4.963    5.125    5.125   10.146   10.146
   10.369   10.369   15.797   15.797   16.895   16.895
            0.000000  0.912500  0.262500
  -16.591  -16.591  -16.578  -16.578  -16.538  -16.538  -16.515  -16.515  -16.030  -16.030
  -16.002  -16.002  -15.958  -15.958  -15.937  -15.937  -15.861  -15.861  -15.832  -15.832
   -0.902   -0.902    0.239    0.239    4.845    4.845    5.079    5.079   10.455   10.455
   10.693   10.693   15.223   15.223   16.593   16.593
            0.000000  0.900000  0.300000
  -16.592  -16.592  -16.577  -16.577  -16.539  -16.539  -16.514  -16.514  -16.031  -16.031
  -16.000  -16.000  -15.960  -15.960  -15.937  -15.937  -15.862  -15.862  -15.830  -15.830
   -0.947   -0.947    0.307    0.307    4.727    4.727    5.052    5.052   10.793   10.793
   11.042   11.042   14.649   14.649   16.277   16.277
            0.000000  0.887500  0.337500
  -16.592  -16.592  -16.577  -16.577  -16.540  -16.540  -16.512  -16.512  -16.032  -16.032
  -15.998  -15.998  -15.961  -15.961  -15.937  -15.937  -15.863  -15.863  -15.829  -15.829
   -0.984   -0.984    0.364    0.364    4.614    4.614    5.046    5.046   11.157   11.157
   11.410   11.410   14.083   14.083   15.953   15.953
            0.000000  0.875000  0.375000
  -16.593  -16.593  -16.576  -16.576  -16.541  -16.541  -16.511  -16.511  -16.033  -16.033
  -15.997  -15.997  -15.962  -15.962  -15.937  -15.937  -15.864  -15.864  -15.829  -15.829
   -1.013   -1.013    0.407    0.407    4.508    4.508    5.066    5.066   11.542   11.542
   11.788   11.788   13.536   13.536   15.623   15.623
            0.000000  0.862500  0.412500
  -16.593  -16.593  -16.576  -16.576  -16.541  -16.541  -16.511  -16.511  -16.033  -16.033
  -15.996  -15.996  -15.963  -15.963  -15.937  -15.937  -15.865  -15.865  -15.828  -15.828
   -1.034   -1.034    0.437    0.437    4.411    4.411    5.111    5.111   11.943   11.943
   12.147   12.147   13.043   13.043   15.294   15.294
            0.000000  0.850000  0.450000
  -16.594  -16.594  -16.575  -16.575  -16.542  -16.542  -16.510  -16.510  -16.034  -16.034
  -15.995  -15.995  -15.963  -15.963  -15.937  -15.937  -15.865  -15.865  -15.828  -15.828
   -1.047   -1.047    0.453    0.453    4.326    4.326    5.181    5.181   12.201   12.201
   12.393   12.393   12.854   12.854   14.967   14.967
            0.000000  0.837500  0.487500
  -16.594  -16.594  -16.575  -16.575  -16.542  -16.542  -16.510  -16.510  -16.034  -16.034
  -15.995  -15.995  -15.963  -15.963  -15.937  -15.937  -15.865  -15.865  -15.828  -15.828
   -1.052   -1.052    0.454    0.454    4.253    4.253    5.273    5.273   11.828   11.828
   12.812   12.812   13.169   13.169   14.647   14.647
           -0.000000  0.825000  0.525000
  -16.594  -16.594  -16.575  -16.575  -16.543  -16.543  -16.510  -16.510  -16.034  -16.034
  -15.995  -15.995  -15.963  -15.963  -15.937  -15.937  -15.865  -15.865  -15.828  -15.828
   -1.049   -1.049    0.444    0.444    4.194    4.194    5.383    5.383   11.377   11.377
   13.249   13.249   13.583   13.583   14.342   14.342
            0.000000  0.812500  0.562500
  -16.594  -16.594  -16.574  -16.574  -16.543  -16.543  -16.510  -16.510  -16.034  -16.034
  -15.995  -15.995  -15.963  -15.963  -15.937  -15.937  -15.865  -15.865  -15.828  -15.828
   -1.038   -1.038    0.422    0.422    4.149    4.149    5.503    5.503   10.943   10.943
   13.645   13.645   14.007   14.007   14.104   14.104
            0.000000  0.800000  0.600000
  -16.594  -16.594  -16.574  -16.574  -16.543  -16.543  -16.510  -16.510  -16.034  -16.034
  -15.996  -15.996  -15.963  -15.963  -15.937  -15.937  -15.864  -15.864  -15.829  -15.829
   -1.019   -1.019    0.391    0.391    4.119    4.119    5.626    5.626   10.548   10.548
   13.634   13.634   14.272   14.272   14.447   14.447
            0.000000  0.787500  0.637500
  -16.594  -16.594  -16.574  -16.574  -16.543  -16.543  -16.510  -16.510  -16.033  -16.033
  -15.996  -15.996  -15.963  -15.963  -15.937  -15.937  -15.864  -15.864  -15.829  -15.829
   -0.992   -0.992    0.352    0.352    4.104    4.104    5.738    5.738   10.205   10.205
   13.374   13.374   14.710   14.710   14.860   14.860
            0.000000  0.775000  0.675000
  -16.594  -16.594  -16.574  -16.574  -16.542  -16.542  -16.511  -16.511  -16.033  -16.033
  -15.997  -15.997  -15.962  -15.962  -15.937  -15.937  -15.863  -15.863  -15.829  -15.829
   -0.958   -0.958    0.306    0.306    4.105    4.105    5.824    5.824    9.931    9.931
   13.101   13.101   15.153   15.153   15.242   15.242
            0.000000  0.762500  0.712500
  -16.594  -16.594  -16.575  -16.575  -16.542  -16.542  -16.511  -16.511  -16.033  -16.033
  -15.998  -15.998  -15.962  -15.962  -15.937  -15.937  -15.863  -15.863  -15.830  -15.830
   -0.915   -0.915    0.254    0.254    4.122    4.122    5.869    5.869    9.741    9.741
   12.835   12.835   15.502   15.502   15.613   15.613
            0.000000  0.750000  0.750000
  -16.593  -16.593  -16.575  -16.575  -16.542  -16.542  -16.512  -16.512  -16.032  -16.032
  -15.998  -15.998  -15.961  -15.961  -15.938  -15.938  -15.862  -15.862  -15.830  -15.830
   -0.865   -0.865    0.197    0.197    4.155    4.155    5.857    5.857    9.651    9.651
   12.578   12.578   15.701   15.701   15.883   15.883
            0.000000  0.712500  0.712500
  -16.594  -16.594  -16.574  -16.574  -16.543  -16.543  -16.511  -16.511  -16.033  -16.033
  -15.997  -15.997  -15.963  -15.963  -15.936  -15.936  -15.863  -15.863  -15.830  -15.830
   -1.043   -1.043    0.388    0.388    4.064    4.064    5.993    5.993    9.771    9.771
   13.341   13.341   15.316   15.316   15.458   15.458
            0.000000  0.675000  0.675000
  -16.595  -16.595  -16.572  -16.572  -16.545  -16.545  -16.510  -16.510  -16.034  -16.034
  -15.997  -15.997  -15.964  -15.964  -15.933  -15.933  -15.864  -15.864  -15.830  -15.830
   -1.249   -1.249    0.605    0.605    4.036    4.036    6.143    6.143    9.901    9.901
   14.094   14.094   14.958   14.958   15.045   15.045
            0.000000  0.637500  0.637500
  -16.595  -16.595  -16.571  -16.571  -16.546  -16.546  -16.510  -16.510  -16.034  -16.034
  -15.999  -15.999  -15.964  -15.964  -15.930  -15.930  -15.864  -15.864  -15.831  -15.831
   -1.477   -1.477    0.848    0.848    4.068    4.068    6.307    6.307   10.036   10.036
   14.539   14.539   14.656   14.656   14.732   14.732
            0.000000  0.600000  0.600000
  -16.596  -16.596  -16.570  -16.570  -16.547  -16.547  -16.510  -16.510  -16.035  -16.035
  -16.000  -16.000  -15.964  -15.964  -15.926  -15.926  -15.864  -15.864  -15.833  -15.833
   -1.720   -1.720    1.118    1.118    4.157    4.157    6.483    6.483   10.169   10.169
   14.217   14.217   14.343   14.343   14.590   14.590
            0.000000  0.562500  0.562500
  -16.596  -16.596  -16.570  -16.570  -16.547  -16.547  -16.510  -16.510  -16.037  -16.037
  -16.002  -16.002  -15.964  -15.964  -15.921  -15.921  -15.864  -15.864  -15.836  -15.836
   -1.973   -1.973    1.414    1.414    4.296    4.296    6.667    6.667   10.293   10.293
   13.854   13.854   14.080   14.080   14.249   14.249
            0.000000  0.525000  0.525000
  -16.596  -16.596  -16.570  -16.570  -16.547  -16.547  -16.511  -16.511  -16.039  -16.039
  -16.002  -16.002  -15.964  -15.964  -15.917  -15.917  -15.864  -15.864  -15.838  -15.838
   -2.227   -2.227    1.737    1.737    4.480    4.480    6.857    6.857   10.400   10.400
   13.505   13.505   13.815   13.815   13.949   13.949
            0.000000  0.487500  0.487500
  -16.596  -16.596  -16.571  -16.571  -16.546  -16.546  -16.512  -16.512  -16.043  -16.043
  -16.001  -16.001  -15.963  -15.963  -15.913  -15.913  -15.865  -15.865  -15.841  -15.841
   -2.479   -2.479    2.085    2.085    4.704    4.704    7.050    7.050   10.480   10.480
   13.175   13.175   13.486   13.486   13.781   13.781
            0.000000  0.450000  0.450000
  -16.595  -16.595  -16.572  -16.572  -16.544  -16.544  -16.514  -16.514  -16.047  -16.047
  -15.999  -15.999  -15.963  -15.963  -15.909  -15.909  -15.866  -15.866  -15.844  -15.844
   -2.723   -2.723    2.458    2.458    4.963    4.963    7.242    7.242   10.524   10.524
   12.866   12.866   13.158   13.158   13.692   13.692
            0.000000  0.412500  0.412500
  -16.595  -16.595  -16.574  -16.574  -16.543  -16.543  -16.515  -16.515  -16.052  -16.052
  -15.996  -15.996  -15.962  -15.962  -15.905  -15.905  -15.867  -15.867  -15.846  -15.846
   -2.956   -2.956    2.857    2.857    5.252    5.252    7.431    7.431   10.529   10.529
   12.580   12.580   12.849   12.849   13.656   13.656
            0.000000  0.375000  0.375000
  -16.594  -16.594  -16.576  -16.576  -16.540  -16.540  -16.517  -16.517  -16.056  -16.056
  -15.992  -15.992  -15.961  -15.961  -15.902  -15.902  -15.870  -15.870  -15.846  -15.846
   -3.175   -3.175    3.281    3.281    5.568    5.568    7.611    7.611   10.498   10.498
   12.316   12.316   12.563   12.563   13.651   13.651
            0.000000  0.337500  0.337500
  -16.594  -16.594  -16.578  -16.578  -16.538  -16.538  -16.518  -16.518  -16.062  -16.062
  -15.987  -15.987  -15.960  -15.960  -15.900  -15.900  -15.874  -15.874  -15.846  -15.846
   -3.377   -3.377    3.728    3.728    5.904    5.904    7.779    7.779   10.436   10.436
   12.076   12.076   12.301   12.301   13.639   13.639
            0.000000  0.300000  0.300000
  -16.593  -16.593  -16.580  -16.580  -16.536  -16.536  -16.520  -16.520  -16.067  -16.067
  -15.982  -15.982  -15.959  -15.959  -15.899  -15.899  -15.878  -15.878  -15.845  -15.845
   -3.562   -3.562    4.199    4.199    6.258    6.258    7.933    7.933   10.351   10.351
   11.859   11.859   12.064   12.064   13.567   13.567
            0.000000  0.262500  0.262500
  -16.592  -16.592  -16.582  -16.582  -16.534  -16.534  -16.521  -16.521  -16.071  -16.071
  -15.977  -15.977  -15.957  -15.957  -15.899  -15.899  -15.883  -15.883  -15.844  -15.844
   -3.728   -3.728    4.692    4.692    6.623    6.623    8.069    8.069   10.251   10.251
   11.666   11.666   11.851   11.851   13.382   13.382
            0.000000  0.225000  0.225000
  -16.591  -16.591  -16.584  -16.584  -16.532  -16.532  -16.523  -16.523  -16.076  -16.076
  -15.971  -15.971  -15.956  -15.956  -15.899  -15.899  -15.888  -15.888  -15.843  -15.843
   -3.873   -3.873    5.206    5.206    6.991    6.991    8.187    8.187   10.138   10.138
   11.497   11.497   11.664   11.664   13.063   13.063
            0.000000  0.187500  0.187500
  -16.591  -16.591  -16.585  -16.585  -16.531  -16.531  -16.524  -16.524  -16.080  -16.080
  -15.966  -15.966  -15.954  -15.954  -15.900  -15.900  -15.892  -15.892  -15.842  -15.842
   -3.996   -3.996    5.739    5.739    7.352    7.352    8.286    8.286   10.011   10.011
   11.350   11.350   11.501   11.501   12.637   12.637
            0.000000  0.150000  0.150000
  -16.590  -16.590  -16.587  -16.587  -16.529  -16.529  -16.525  -16.525  -16.083  -16.083
  -15.961  -15.961  -15.953  -15.953  -15.901  -15.901  -15.896  -15.896  -15.841  -15.841
   -4.098   -4.098    6.288    6.288    7.694    7.694    8.368    8.368    9.859    9.859
   11.225   11.225   11.365   11.365   12.165   12.165
            0.000000  0.112500  0.112500
  -16.590  -16.590  -16.588  -16.588  -16.528  -16.528  -16.526  -16.526  -16.086  -16.086
  -15.956  -15.956  -15.951  -15.951  -15.903  -15.903  -15.900  -15.900  -15.840  -15.840
   -4.178   -4.178    6.847    6.847    7.996    7.996    8.435    8.435    9.660    9.660
   11.118   11.118   11.256   11.256   11.717   11.717
            0.000000  0.075000  0.075000
  -16.589  -16.589  -16.588  -16.588  -16.527  -16.527  -16.526  -16.526  -16.088  -16.088
  -15.952  -15.952  -15.950  -15.950  -15.904  -15.904  -15.903  -15.903  -15.839  -15.839
   -4.236   -4.236    7.409    7.409    8.230    8.230    8.496    8.496    9.382    9.382
   11.024   11.024   11.177   11.177   11.366   11.366
            0.000000  0.037500  0.037500
  -16.589  -16.589  -16.589  -16.589  -16.527  -16.527  -16.527  -16.527  -16.089  -16.089
  -15.949  -15.949  -15.949  -15.949  -15.905  -15.905  -15.905  -15.905  -15.838  -15.838
   -4.270   -4.270    7.954    7.954    8.367    8.367    8.557    8.557    9.003    9.003
   10.940   10.940   11.130   11.130   11.169   11.169
            0.000000  0.000000  0.000000
  -16.589  -16.589  -16.589  -16.589  -16.527  -16.527  -16.527  -16.527  -16.089  -16.089
  -15.948  -15.948  -15.948  -15.948  -15.906  -15.906  -15.906  -15.906  -15.838  -15.838
   -4.281   -4.281    8.295    8.295    8.533    8.533    8.589    8.589    8.589    8.589
   10.901   10.901   11.114   11.114   11.114   11.114
