 &plot nbnd=  10, nks=   301 /
            0.000000  0.000000  0.000000
   -7.771   -7.771   -7.771   -7.681   -7.681   -5.561    6.718    6.718    6.718    8.286
            0.016667 -0.009623  0.013608
   -7.772   -7.771   -7.771   -7.681   -7.681   -5.557    6.663    6.704    6.704    8.340
            0.033333 -0.019245  0.027217
   -7.773   -7.770   -7.770   -7.682   -7.681   -5.543    6.516    6.663    6.663    8.481
            0.050000 -0.028868  0.040825
   -7.775   -7.770   -7.770   -7.682   -7.681   -5.519    6.311    6.598    6.598    8.676
            0.066667 -0.038490  0.054433
   -7.777   -7.769   -7.769   -7.682   -7.680   -5.487    6.073    6.511    6.511    8.896
            0.083333 -0.048113  0.068041
   -7.781   -7.767   -7.767   -7.683   -7.680   -5.445    5.816    6.407    6.407    9.121
            0.100000 -0.057735  0.081650
   -7.784   -7.766   -7.766   -7.684   -7.679   -5.395    5.549    6.290    6.290    9.334
            0.116667 -0.067358  0.095258
   -7.789   -7.764   -7.764   -7.685   -7.679   -5.335    5.276    6.164    6.164    9.506
            0.133333 -0.076980  0.108866
   -7.793   -7.762   -7.762   -7.685   -7.678   -5.267    4.999    6.032    6.032    9.589
            0.150000 -0.086603  0.122474
   -7.799   -7.759   -7.759   -7.687   -7.677   -5.190    4.721    5.895    5.895    9.565
            0.166667 -0.096225  0.136083
   -7.804   -7.757   -7.757   -7.688   -7.676   -5.105    4.441    5.758    5.758    9.478
            0.183333 -0.105848  0.149691
   -7.809   -7.754   -7.754   -7.689   -7.676   -5.012    4.162    5.620    5.620    9.370
            0.200000 -0.115470  0.163299
   -7.815   -7.751   -7.751   -7.691   -7.675   -4.911    3.883    5.484    5.484    9.255
            0.216667 -0.125093  0.176908
   -7.821   -7.748   -7.748   -7.692   -7.674   -4.802    3.605    5.352    5.352    9.139
            0.233333 -0.134715  0.190516
   -7.826   -7.745   -7.745   -7.694   -7.673   -4.686    3.329    5.223    5.223    9.028
            0.250000 -0.144338  0.204124
   -7.832   -7.742   -7.742   -7.696   -7.672   -4.564    3.055    5.099    5.099    8.922
            0.266667 -0.153960  0.217732
   -7.837   -7.739   -7.739   -7.697   -7.671   -4.434    2.783    4.981    4.981    8.823
            0.283333 -0.163583  0.231341
   -7.842   -7.736   -7.736   -7.699   -7.670   -4.299    2.515    4.869    4.869    8.733
            0.300000 -0.173205  0.244949
   -7.847   -7.733   -7.733   -7.701   -7.668   -4.159    2.250    4.764    4.764    8.651
            0.316667 -0.182828  0.258557
   -7.852   -7.730   -7.730   -7.702   -7.668   -4.014    1.990    4.665    4.665    8.578
            0.333333 -0.192450  0.272166
   -7.856   -7.727   -7.727   -7.704   -7.667   -3.865    1.737    4.575    4.575    8.515
            0.350000 -0.202073  0.285774
   -7.860   -7.725   -7.725   -7.706   -7.666   -3.714    1.490    4.492    4.492    8.462
            0.366667 -0.211695  0.299382
   -7.864   -7.722   -7.722   -7.707   -7.665   -3.563    1.252    4.417    4.417    8.420
            0.383333 -0.221318  0.312990
   -7.867   -7.720   -7.720   -7.708   -7.664   -3.412    1.026    4.350    4.350    8.389
            0.400000 -0.230940  0.326599
   -7.870   -7.718   -7.718   -7.709   -7.664   -3.266    0.813    4.292    4.292    8.368
            0.416667 -0.240563  0.340207
   -7.872   -7.716   -7.716   -7.710   -7.663   -3.127    0.617    4.243    4.243    8.359
            0.433333 -0.250185  0.353815
   -7.875   -7.715   -7.715   -7.711   -7.663   -3.000    0.444    4.202    4.202    8.360
            0.450000 -0.259808  0.367423
   -7.876   -7.714   -7.714   -7.712   -7.662   -2.891    0.299    4.170    4.170    8.372
            0.466667 -0.269430  0.381032
   -7.877   -7.713   -7.713   -7.713   -7.662   -2.806    0.188    4.147    4.147    8.393
            0.483333 -0.279053  0.394640
   -7.878   -7.713   -7.712   -7.712   -7.662   -2.751    0.118    4.134    4.134    8.419
            0.500000 -0.288675  0.408248
   -7.878   -7.713   -7.712   -7.712   -7.662   -2.733    0.094    4.129    4.129    8.434
            0.500000 -0.279053  0.415052
   -7.878   -7.713   -7.712   -7.712   -7.662   -2.732    0.094    4.126    4.127    8.440
            0.500000 -0.269430  0.421857
   -7.878   -7.713   -7.712   -7.711   -7.662   -2.732    0.096    4.118    4.120    8.457
            0.500000 -0.259808  0.428661
   -7.878   -7.714   -7.713   -7.711   -7.662   -2.731    0.098    4.104    4.108    8.484
            0.500000 -0.250185  0.435465
   -7.878   -7.714   -7.713   -7.711   -7.662   -2.729    0.101    4.085    4.092    8.522
            0.500000 -0.240563  0.442269
   -7.877   -7.714   -7.713   -7.710   -7.662   -2.727    0.105    4.062    4.072    8.570
            0.500000 -0.230940  0.449073
   -7.877   -7.715   -7.714   -7.709   -7.663   -2.725    0.110    4.034    4.048    8.628
            0.500000 -0.221318  0.455877
   -7.876   -7.715   -7.715   -7.709   -7.663   -2.722    0.116    4.002    4.021    8.695
            0.500000 -0.211695  0.462681
   -7.876   -7.716   -7.715   -7.708   -7.663   -2.719    0.123    3.966    3.991    8.772
            0.500000 -0.202073  0.469486
   -7.875   -7.717   -7.715   -7.708   -7.663   -2.716    0.130    3.928    3.959    8.856
            0.500000 -0.192450  0.476290
   -7.874   -7.718   -7.715   -7.707   -7.664   -2.713    0.138    3.888    3.925    8.949
            0.500000 -0.182828  0.483094
   -7.873   -7.719   -7.716   -7.706   -7.664   -2.709    0.146    3.846    3.890    9.050
            0.500000 -0.173205  0.489898
   -7.873   -7.720   -7.716   -7.706   -7.665   -2.705    0.155    3.802    3.854    9.157
            0.500000 -0.163583  0.496702
   -7.872   -7.721   -7.716   -7.705   -7.665   -2.701    0.165    3.758    3.817    9.271
            0.500000 -0.153960  0.503506
   -7.871   -7.722   -7.716   -7.704   -7.666   -2.697    0.175    3.714    3.781    9.391
            0.500000 -0.144338  0.510310
   -7.870   -7.723   -7.716   -7.703   -7.666   -2.692    0.185    3.670    3.745    9.516
            0.500000 -0.134715  0.517115
   -7.869   -7.725   -7.716   -7.702   -7.667   -2.688    0.195    3.626    3.709    9.647
            0.500000 -0.125093  0.523919
   -7.868   -7.726   -7.716   -7.702   -7.668   -2.684    0.205    3.584    3.675    9.782
            0.500000 -0.115470  0.530723
   -7.867   -7.727   -7.716   -7.701   -7.668   -2.680    0.215    3.543    3.642    9.921
            0.500000 -0.105848  0.537527
   -7.866   -7.728   -7.717   -7.700   -7.669   -2.675    0.225    3.504    3.611   10.064
            0.500000 -0.096225  0.544331
   -7.865   -7.730   -7.717   -7.699   -7.669   -2.672    0.234    3.468    3.581   10.210
            0.500000 -0.086603  0.551135
   -7.865   -7.731   -7.717   -7.699   -7.670   -2.668    0.243    3.433    3.554   10.359
            0.500000 -0.076980  0.557939
   -7.864   -7.732   -7.717   -7.698   -7.671   -2.665    0.252    3.402    3.529   10.509
            0.500000 -0.067358  0.564743
   -7.863   -7.733   -7.717   -7.697   -7.671   -2.661    0.260    3.373    3.507   10.659
            0.500000 -0.057735  0.571548
   -7.862   -7.734   -7.717   -7.697   -7.672   -2.659    0.267    3.348    3.487   10.808
            0.500000 -0.048113  0.578352
   -7.862   -7.734   -7.717   -7.696   -7.672   -2.656    0.273    3.327    3.470   10.954
            0.500000 -0.038490  0.585156
   -7.861   -7.735   -7.717   -7.696   -7.672   -2.654    0.278    3.309    3.456   11.093
            0.500000 -0.028868  0.591960
   -7.861   -7.736   -7.717   -7.695   -7.673   -2.653    0.283    3.295    3.445   11.219
            0.500000 -0.019245  0.598764
   -7.861   -7.736   -7.717   -7.695   -7.673   -2.652    0.286    3.284    3.438   11.324
            0.500000 -0.009623  0.605568
   -7.860   -7.736   -7.717   -7.695   -7.673   -2.651    0.287    3.278    3.433   11.396
            0.500000  0.000000  0.612372
   -7.860   -7.736   -7.717   -7.695   -7.673   -2.651    0.288    3.276    3.431   11.423
            0.495833  0.007217  0.611964
   -7.860   -7.736   -7.717   -7.695   -7.673   -2.651    0.288    3.272    3.437   11.391
            0.491667  0.014434  0.611556
   -7.860   -7.736   -7.717   -7.695   -7.673   -2.653    0.289    3.261    3.454   11.331
            0.487500  0.021651  0.611148
   -7.860   -7.736   -7.717   -7.695   -7.673   -2.655    0.290    3.245    3.479   11.253
            0.483333  0.028868  0.610739
   -7.860   -7.736   -7.717   -7.695   -7.673   -2.659    0.291    3.226    3.510   11.162
            0.479167  0.036084  0.610331
   -7.861   -7.736   -7.717   -7.695   -7.673   -2.663    0.292    3.206    3.546   11.059
            0.475000  0.043301  0.609923
   -7.861   -7.736   -7.717   -7.695   -7.673   -2.668    0.294    3.186    3.586   10.949
            0.470833  0.050518  0.609515
   -7.861   -7.736   -7.717   -7.695   -7.673   -2.673    0.295    3.165    3.629   10.834
            0.466667  0.057735  0.609106
   -7.861   -7.735   -7.717   -7.695   -7.673   -2.679    0.297    3.145    3.674   10.716
            0.462500  0.064952  0.608698
   -7.861   -7.735   -7.717   -7.695   -7.673   -2.685    0.298    3.125    3.722   10.596
            0.458333  0.072169  0.608290
   -7.861   -7.735   -7.718   -7.695   -7.672   -2.691    0.299    3.106    3.772   10.476
            0.454167  0.079386  0.607882
   -7.861   -7.735   -7.718   -7.696   -7.672   -2.698    0.301    3.088    3.823   10.357
            0.450000  0.086603  0.607473
   -7.861   -7.734   -7.718   -7.696   -7.672   -2.704    0.302    3.070    3.876   10.238
            0.445833  0.093819  0.607065
   -7.861   -7.734   -7.718   -7.696   -7.672   -2.711    0.303    3.053    3.929   10.122
            0.441667  0.101036  0.606657
   -7.861   -7.734   -7.718   -7.696   -7.672   -2.718    0.304    3.037    3.983   10.008
            0.437500  0.108253  0.606249
   -7.862   -7.734   -7.718   -7.696   -7.672   -2.724    0.304    3.022    4.038    9.898
            0.433333  0.115470  0.605840
   -7.862   -7.733   -7.719   -7.696   -7.672   -2.731    0.305    3.007    4.092    9.791
            0.429167  0.122687  0.605432
   -7.862   -7.733   -7.719   -7.696   -7.672   -2.737    0.306    2.993    4.146    9.688
            0.425000  0.129904  0.605024
   -7.862   -7.733   -7.719   -7.697   -7.671   -2.743    0.306    2.981    4.198    9.591
            0.420833  0.137121  0.604616
   -7.862   -7.732   -7.719   -7.697   -7.671   -2.749    0.307    2.969    4.249    9.498
            0.416667  0.144338  0.604207
   -7.862   -7.732   -7.719   -7.697   -7.671   -2.754    0.307    2.958    4.298    9.411
            0.412500  0.151554  0.603799
   -7.862   -7.732   -7.720   -7.697   -7.671   -2.759    0.307    2.948    4.345    9.331
            0.408333  0.158771  0.603391
   -7.862   -7.732   -7.720   -7.697   -7.671   -2.764    0.308    2.939    4.389    9.257
            0.404167  0.165988  0.602983
   -7.862   -7.731   -7.720   -7.697   -7.671   -2.768    0.308    2.931    4.429    9.190
            0.400000  0.173205  0.602574
   -7.862   -7.731   -7.720   -7.697   -7.671   -2.772    0.308    2.924    4.466    9.131
            0.395833  0.180422  0.602166
   -7.862   -7.731   -7.720   -7.697   -7.671   -2.776    0.309    2.918    4.497    9.081
            0.391667  0.187639  0.601758
   -7.863   -7.731   -7.721   -7.697   -7.671   -2.779    0.309    2.913    4.524    9.039
            0.387500  0.194856  0.601350
   -7.863   -7.730   -7.721   -7.697   -7.671   -2.781    0.310    2.908    4.546    9.006
            0.383333  0.202073  0.600941
   -7.863   -7.730   -7.721   -7.697   -7.671   -2.783    0.310    2.905    4.562    8.983
            0.379167  0.209289  0.600533
   -7.863   -7.730   -7.721   -7.697   -7.671   -2.784    0.311    2.903    4.572    8.969
            0.375000  0.216506  0.600125
   -7.863   -7.730   -7.721   -7.697   -7.671   -2.785    0.311    2.902    4.576    8.966
            0.362500  0.209289  0.580121
   -7.860   -7.732   -7.723   -7.695   -7.672   -2.830    0.361    2.848    4.660    9.052
            0.350000  0.202073  0.560117
   -7.858   -7.734   -7.724   -7.693   -7.674   -2.888    0.421    2.823    4.749    9.143
            0.337500  0.194856  0.540112
   -7.856   -7.736   -7.726   -7.691   -7.675   -2.962    0.493    2.826    4.844    9.238
            0.325000  0.187639  0.520108
   -7.854   -7.738   -7.728   -7.689   -7.676   -3.050    0.579    2.857    4.943    9.335
            0.312500  0.180422  0.500104
   -7.851   -7.739   -7.730   -7.687   -7.678   -3.152    0.681    2.912    5.045    9.432
            0.300000  0.173205  0.480100
   -7.849   -7.741   -7.732   -7.685   -7.679   -3.266    0.799    2.990    5.151    9.528
            0.287500  0.165988  0.460096
   -7.847   -7.742   -7.735   -7.683   -7.680   -3.390    0.935    3.089    5.259    9.620
            0.275000  0.158771  0.440092
   -7.844   -7.743   -7.737   -7.682   -7.681   -3.521    1.087    3.206    5.369    9.704
            0.262500  0.151554  0.420087
   -7.842   -7.744   -7.739   -7.682   -7.680   -3.658    1.255    3.341    5.479    9.778
            0.250000  0.144338  0.400083
   -7.839   -7.745   -7.741   -7.683   -7.679   -3.799    1.439    3.490    5.588    9.838
            0.237500  0.137121  0.380079
   -7.836   -7.746   -7.744   -7.683   -7.678   -3.941    1.639    3.653    5.696    9.882
            0.225000  0.129904  0.360075
   -7.833   -7.747   -7.746   -7.684   -7.678   -4.083    1.853    3.827    5.802    9.907
            0.212500  0.122687  0.340071
   -7.829   -7.748   -7.748   -7.684   -7.677   -4.223    2.080    4.012    5.904    9.913
            0.200000  0.115470  0.320067
   -7.826   -7.750   -7.749   -7.684   -7.677   -4.360    2.321    4.206    6.002    9.900
            0.187500  0.108253  0.300062
   -7.822   -7.753   -7.750   -7.684   -7.677   -4.493    2.574    4.406    6.095    9.872
            0.175000  0.101036  0.280058
   -7.818   -7.755   -7.752   -7.685   -7.677   -4.621    2.839    4.613    6.183    9.829
            0.162500  0.093819  0.260054
   -7.813   -7.757   -7.753   -7.684   -7.678   -4.743    3.114    4.823    6.264    9.775
            0.150000  0.086603  0.240050
   -7.809   -7.759   -7.755   -7.684   -7.678   -4.858    3.400    5.035    6.338    9.713
            0.137500  0.079386  0.220046
   -7.804   -7.761   -7.757   -7.684   -7.678   -4.966    3.695    5.246    6.405    9.643
            0.125000  0.072169  0.200042
   -7.800   -7.762   -7.758   -7.684   -7.679   -5.066    3.999    5.455    6.464    9.566
            0.112500  0.064952  0.180037
   -7.795   -7.764   -7.760   -7.683   -7.679   -5.157    4.310    5.658    6.517    9.481
            0.100000  0.057735  0.160033
   -7.791   -7.765   -7.762   -7.683   -7.680   -5.240    4.626    5.853    6.563    9.387
            0.087500  0.050518  0.140029
   -7.787   -7.767   -7.764   -7.683   -7.680   -5.315    4.947    6.036    6.601    9.280
            0.075000  0.043301  0.120025
   -7.783   -7.768   -7.766   -7.682   -7.680   -5.379    5.270    6.204    6.634    9.157
            0.062500  0.036084  0.100021
   -7.780   -7.769   -7.767   -7.682   -7.681   -5.434    5.590    6.353    6.661    9.013
            0.050000  0.028868  0.080017
   -7.777   -7.770   -7.769   -7.682   -7.681   -5.480    5.902    6.480    6.682    8.848
            0.037500  0.021651  0.060012
   -7.774   -7.770   -7.770   -7.682   -7.681   -5.515    6.197    6.582    6.698    8.667
            0.025000  0.014434  0.040008
   -7.773   -7.771   -7.770   -7.681   -7.681   -5.541    6.456    6.657    6.709    8.487
            0.012500  0.007217  0.020004
   -7.771   -7.771   -7.771   -7.681   -7.681   -5.556    6.646    6.703    6.716    8.344
            0.000000  0.000000  0.000000
   -7.771   -7.771   -7.771   -7.681   -7.681   -5.561    6.718    6.718    6.718    8.286
            0.016667  0.009623  0.006804
   -7.771   -7.771   -7.771   -7.681   -7.681   -5.558    6.665    6.714    6.714    8.326
            0.033333  0.019245  0.013608
   -7.772   -7.771   -7.771   -7.681   -7.681   -5.547    6.521    6.700    6.700    8.430
            0.050000  0.028868  0.020412
   -7.773   -7.770   -7.770   -7.681   -7.681   -5.530    6.314    6.679    6.679    8.564
            0.066667  0.038490  0.027217
   -7.775   -7.770   -7.770   -7.681   -7.681   -5.505    6.071    6.649    6.649    8.701
            0.083333  0.048113  0.034021
   -7.777   -7.769   -7.769   -7.681   -7.681   -5.474    5.804    6.613    6.613    8.822
            0.100000  0.057735  0.040825
   -7.779   -7.768   -7.768   -7.681   -7.681   -5.436    5.523    6.570    6.570    8.914
            0.116667  0.067358  0.047629
   -7.782   -7.767   -7.767   -7.681   -7.681   -5.392    5.234    6.523    6.523    8.974
            0.133333  0.076980  0.054433
   -7.785   -7.766   -7.766   -7.681   -7.681   -5.340    4.940    6.472    6.472    9.002
            0.150000  0.086603  0.061237
   -7.788   -7.765   -7.765   -7.681   -7.681   -5.283    4.644    6.418    6.418    9.005
            0.166667  0.096225  0.068041
   -7.791   -7.764   -7.764   -7.681   -7.681   -5.219    4.347    6.362    6.362    8.987
            0.183333  0.105848  0.074846
   -7.795   -7.763   -7.763   -7.681   -7.681   -5.149    4.051    6.305    6.305    8.955
            0.200000  0.115470  0.081650
   -7.798   -7.762   -7.762   -7.681   -7.681   -5.074    3.757    6.248    6.248    8.913
            0.216667  0.125093  0.088454
   -7.802   -7.760   -7.760   -7.681   -7.681   -4.993    3.467    6.191    6.191    8.866
            0.233333  0.134715  0.095258
   -7.806   -7.759   -7.759   -7.680   -7.680   -4.907    3.180    6.135    6.135    8.814
            0.250000  0.144338  0.102062
   -7.810   -7.758   -7.758   -7.680   -7.680   -4.816    2.900    6.080    6.080    8.761
            0.266667  0.153960  0.108866
   -7.814   -7.757   -7.757   -7.680   -7.680   -4.721    2.625    6.027    6.027    8.708
            0.283333  0.163583  0.115670
   -7.817   -7.756   -7.756   -7.679   -7.679   -4.622    2.358    5.977    5.977    8.656
            0.300000  0.173205  0.122474
   -7.821   -7.754   -7.754   -7.679   -7.679   -4.521    2.099    5.930    5.930    8.606
            0.316667  0.182828  0.129279
   -7.824   -7.754   -7.754   -7.678   -7.678   -4.417    1.850    5.885    5.885    8.559
            0.333333  0.192450  0.136083
   -7.827   -7.753   -7.753   -7.678   -7.678   -4.312    1.611    5.843    5.843    8.515
            0.350000  0.202073  0.142887
   -7.830   -7.752   -7.752   -7.677   -7.677   -4.207    1.384    5.805    5.805    8.474
            0.366667  0.211695  0.149691
   -7.833   -7.751   -7.751   -7.677   -7.677   -4.103    1.171    5.771    5.771    8.437
            0.383333  0.221318  0.156495
   -7.836   -7.751   -7.751   -7.676   -7.676   -4.003    0.974    5.740    5.740    8.404
            0.400000  0.230940  0.163299
   -7.838   -7.750   -7.750   -7.676   -7.676   -3.908    0.795    5.713    5.713    8.375
            0.416667  0.240563  0.170103
   -7.840   -7.750   -7.750   -7.676   -7.676   -3.821    0.636    5.690    5.690    8.350
            0.433333  0.250185  0.176908
   -7.841   -7.749   -7.749   -7.675   -7.675   -3.744    0.500    5.671    5.671    8.330
            0.450000  0.259808  0.183712
   -7.842   -7.749   -7.749   -7.675   -7.675   -3.680    0.391    5.657    5.657    8.314
            0.466667  0.269430  0.190516
   -7.843   -7.749   -7.749   -7.675   -7.675   -3.632    0.310    5.646    5.646    8.302
            0.483333  0.279053  0.197320
   -7.844   -7.749   -7.749   -7.675   -7.675   -3.602    0.261    5.640    5.640    8.296
            0.500000  0.288675  0.204124
   -7.844   -7.749   -7.749   -7.675   -7.675   -3.592    0.244    5.638    5.638    8.293
            0.504167  0.276647  0.210928
   -7.844   -7.749   -7.749   -7.675   -7.675   -3.590    0.245    5.622    5.635    8.309
            0.508333  0.264619  0.217732
   -7.844   -7.749   -7.748   -7.675   -7.675   -3.586    0.248    5.576    5.627    8.354
            0.512500  0.252591  0.224537
   -7.844   -7.749   -7.748   -7.675   -7.675   -3.579    0.252    5.503    5.614    8.424
            0.516667  0.240563  0.231341
   -7.844   -7.748   -7.748   -7.675   -7.675   -3.569    0.259    5.408    5.595    8.516
            0.520833  0.228534  0.238145
   -7.844   -7.748   -7.747   -7.676   -7.675   -3.557    0.267    5.294    5.572    8.624
            0.525000  0.216506  0.244949
   -7.845   -7.748   -7.747   -7.676   -7.675   -3.541    0.276    5.167    5.545    8.741
            0.529167  0.204478  0.251753
   -7.845   -7.748   -7.746   -7.677   -7.675   -3.524    0.288    5.029    5.513    8.863
            0.533333  0.192450  0.258557
   -7.845   -7.747   -7.745   -7.677   -7.675   -3.503    0.300    4.885    5.478    8.985
            0.537500  0.180422  0.265361
   -7.846   -7.747   -7.744   -7.678   -7.675   -3.480    0.314    4.736    5.439    9.101
            0.541667  0.168394  0.272166
   -7.846   -7.746   -7.743   -7.679   -7.675   -3.454    0.328    4.585    5.398    9.207
            0.545833  0.156366  0.278970
   -7.847   -7.746   -7.742   -7.680   -7.675   -3.427    0.344    4.433    5.354    9.296
            0.550000  0.144338  0.285774
   -7.847   -7.745   -7.741   -7.681   -7.675   -3.396    0.359    4.282    5.308    9.367
            0.554167  0.132309  0.292578
   -7.848   -7.745   -7.739   -7.682   -7.675   -3.364    0.375    4.134    5.261    9.417
            0.558333  0.120281  0.299382
   -7.848   -7.744   -7.738   -7.683   -7.674   -3.330    0.390    3.989    5.213    9.445
            0.562500  0.108253  0.306186
   -7.849   -7.743   -7.737   -7.684   -7.674   -3.294    0.404    3.848    5.165    9.454
            0.566667  0.096225  0.312990
   -7.850   -7.742   -7.735   -7.685   -7.674   -3.256    0.417    3.713    5.115    9.447
            0.570833  0.084197  0.319794
   -7.851   -7.741   -7.734   -7.686   -7.674   -3.217    0.428    3.585    5.066    9.427
            0.575000  0.072169  0.326599
   -7.852   -7.740   -7.733   -7.687   -7.674   -3.177    0.436    3.466    5.018    9.398
            0.579167  0.060141  0.333403
   -7.853   -7.740   -7.731   -7.688   -7.674   -3.136    0.442    3.355    4.969    9.362
            0.583333  0.048113  0.340207
   -7.854   -7.739   -7.730   -7.689   -7.674   -3.094    0.444    3.254    4.922    9.322
            0.587500  0.036084  0.347011
   -7.855   -7.738   -7.729   -7.690   -7.674   -3.052    0.442    3.165    4.876    9.279
            0.591667  0.024056  0.353815
   -7.856   -7.737   -7.727   -7.691   -7.673   -3.011    0.436    3.088    4.831    9.235
            0.595833  0.012028  0.360619
   -7.857   -7.736   -7.726   -7.692   -7.673   -2.971    0.425    3.024    4.788    9.191
            0.600000  0.000000  0.367423
   -7.858   -7.735   -7.725   -7.693   -7.673   -2.932    0.411    2.972    4.747    9.147
            0.604167 -0.012028  0.374228
   -7.859   -7.734   -7.724   -7.694   -7.672   -2.895    0.393    2.934    4.707    9.105
            0.608333 -0.024056  0.381032
   -7.860   -7.733   -7.723   -7.695   -7.672   -2.861    0.373    2.909    4.670    9.065
            0.612500 -0.036084  0.387836
   -7.861   -7.732   -7.722   -7.696   -7.672   -2.831    0.351    2.897    4.635    9.028
            0.616667 -0.048113  0.394640
   -7.862   -7.731   -7.721   -7.697   -7.671   -2.805    0.329    2.897    4.602    8.993
            0.620833 -0.060141  0.401444
   -7.863   -7.730   -7.721   -7.697   -7.671   -2.784    0.310    2.908    4.572    8.961
            0.625000 -0.072169  0.408248
   -7.863   -7.729   -7.720   -7.698   -7.670   -2.770    0.293    2.930    4.544    8.932
            0.620833 -0.069763  0.415052
   -7.863   -7.729   -7.720   -7.698   -7.670   -2.769    0.293    2.931    4.541    8.937
            0.616667 -0.067358  0.421857
   -7.863   -7.730   -7.720   -7.698   -7.670   -2.769    0.293    2.932    4.532    8.951
            0.612500 -0.064952  0.428661
   -7.863   -7.730   -7.720   -7.698   -7.670   -2.767    0.293    2.934    4.517    8.976
            0.608333 -0.062546  0.435465
   -7.863   -7.730   -7.720   -7.698   -7.670   -2.766    0.294    2.938    4.496    9.010
            0.604167 -0.060141  0.442269
   -7.863   -7.730   -7.720   -7.698   -7.670   -2.763    0.294    2.942    4.470    9.053
            0.600000 -0.057735  0.449073
   -7.863   -7.730   -7.720   -7.698   -7.670   -2.761    0.294    2.947    4.439    9.105
            0.595833 -0.055329  0.455877
   -7.863   -7.731   -7.720   -7.698   -7.671   -2.758    0.295    2.954    4.404    9.165
            0.591667 -0.052924  0.462681
   -7.863   -7.731   -7.719   -7.698   -7.671   -2.754    0.295    2.961    4.365    9.232
            0.587500 -0.050518  0.469486
   -7.863   -7.731   -7.719   -7.697   -7.671   -2.750    0.296    2.969    4.322    9.307
            0.583333 -0.048113  0.476290
   -7.863   -7.732   -7.719   -7.697   -7.671   -2.745    0.296    2.978    4.277    9.389
            0.579167 -0.045707  0.483094
   -7.863   -7.732   -7.719   -7.697   -7.671   -2.741    0.296    2.988    4.229    9.477
            0.575000 -0.043301  0.489898
   -7.862   -7.732   -7.719   -7.697   -7.671   -2.735    0.297    2.999    4.179    9.571
            0.570833 -0.040896  0.496702
   -7.862   -7.733   -7.719   -7.697   -7.671   -2.730    0.297    3.011    4.127    9.670
            0.566667 -0.038490  0.503506
   -7.862   -7.733   -7.718   -7.697   -7.671   -2.724    0.297    3.023    4.075    9.774
            0.562500 -0.036084  0.510310
   -7.862   -7.733   -7.718   -7.696   -7.672   -2.719    0.297    3.037    4.022    9.882
            0.558333 -0.033679  0.517115
   -7.862   -7.734   -7.718   -7.696   -7.672   -2.713    0.297    3.051    3.968    9.994
            0.554167 -0.031273  0.523919
   -7.862   -7.734   -7.718   -7.696   -7.672   -2.706    0.297    3.066    3.915   10.109
            0.550000 -0.028868  0.530723
   -7.861   -7.734   -7.718   -7.696   -7.672   -2.700    0.297    3.082    3.863   10.226
            0.545833 -0.026462  0.537527
   -7.861   -7.735   -7.718   -7.696   -7.672   -2.694    0.296    3.099    3.811   10.346
            0.541667 -0.024056  0.544331
   -7.861   -7.735   -7.718   -7.696   -7.672   -2.688    0.296    3.116    3.761   10.467
            0.537500 -0.021651  0.551135
   -7.861   -7.735   -7.717   -7.695   -7.673   -2.682    0.295    3.134    3.713   10.589
            0.533333 -0.019245  0.557939
   -7.861   -7.735   -7.717   -7.695   -7.673   -2.677    0.294    3.153    3.666   10.710
            0.529167 -0.016839  0.564743
   -7.861   -7.736   -7.717   -7.695   -7.673   -2.671    0.293    3.172    3.622   10.829
            0.525000 -0.014434  0.571548
   -7.861   -7.736   -7.717   -7.695   -7.673   -2.666    0.292    3.191    3.580   10.946
            0.520833 -0.012028  0.578352
   -7.861   -7.736   -7.717   -7.695   -7.673   -2.662    0.291    3.211    3.542   11.057
            0.516667 -0.009623  0.585156
   -7.860   -7.736   -7.717   -7.695   -7.673   -2.658    0.290    3.230    3.507   11.160
            0.512500 -0.007217  0.591960
   -7.860   -7.736   -7.717   -7.695   -7.673   -2.655    0.289    3.247    3.477   11.253
            0.508333 -0.004811  0.598764
   -7.860   -7.736   -7.717   -7.695   -7.673   -2.653    0.289    3.262    3.453   11.332
            0.504167 -0.002406  0.605568
   -7.860   -7.736   -7.717   -7.695   -7.673   -2.651    0.288    3.273    3.437   11.391
            0.500000  0.000000  0.612372
   -7.860   -7.736   -7.717   -7.695   -7.673   -2.651    0.288    3.276    3.431   11.423
            0.500000  0.009623  0.598764
   -7.860   -7.736   -7.717   -7.695   -7.673   -2.654    0.291    3.249    3.465   11.346
            0.500000  0.019245  0.585156
   -7.860   -7.736   -7.717   -7.694   -7.673   -2.666    0.300    3.200    3.537   11.255
            0.500000  0.028868  0.571548
   -7.860   -7.737   -7.717   -7.694   -7.673   -2.685    0.313    3.153    3.623   11.164
            0.500000  0.038490  0.557939
   -7.859   -7.737   -7.718   -7.694   -7.674   -2.710    0.331    3.114    3.715   11.073
            0.500000  0.048113  0.544331
   -7.859   -7.737   -7.719   -7.694   -7.674   -2.741    0.352    3.086    3.813   10.984
            0.500000  0.057735  0.530723
   -7.858   -7.738   -7.719   -7.693   -7.674   -2.778    0.374    3.070    3.915   10.897
            0.500000  0.067358  0.517115
   -7.858   -7.738   -7.720   -7.693   -7.674   -2.818    0.395    3.069    4.019   10.811
            0.500000  0.076980  0.503506
   -7.857   -7.739   -7.721   -7.692   -7.674   -2.863    0.414    3.083    4.125   10.726
            0.500000  0.086603  0.489898
   -7.856   -7.739   -7.722   -7.691   -7.674   -2.909    0.430    3.113    4.233   10.642
            0.500000  0.096225  0.476290
   -7.855   -7.740   -7.724   -7.691   -7.674   -2.958    0.443    3.160    4.340   10.556
            0.500000  0.105848  0.462681
   -7.854   -7.740   -7.725   -7.690   -7.674   -3.007    0.450    3.223    4.447   10.470
            0.500000  0.115470  0.449073
   -7.853   -7.741   -7.727   -7.689   -7.674   -3.057    0.453    3.302    4.553   10.380
            0.500000  0.125093  0.435465
   -7.852   -7.742   -7.729   -7.688   -7.675   -3.106    0.451    3.396    4.657   10.286
            0.500000  0.134715  0.421857
   -7.852   -7.742   -7.730   -7.687   -7.675   -3.155    0.444    3.504    4.759   10.187
            0.500000  0.144338  0.408248
   -7.851   -7.743   -7.732   -7.686   -7.675   -3.203    0.434    3.626    4.857   10.082
            0.500000  0.153960  0.394640
   -7.850   -7.744   -7.734   -7.684   -7.675   -3.249    0.421    3.759    4.951    9.971
            0.500000  0.163583  0.381032
   -7.849   -7.744   -7.736   -7.683   -7.675   -3.293    0.405    3.902    5.041    9.853
            0.500000  0.173205  0.367423
   -7.848   -7.745   -7.737   -7.682   -7.675   -3.335    0.388    4.054    5.126    9.728
            0.500000  0.182828  0.353815
   -7.847   -7.745   -7.739   -7.681   -7.675   -3.374    0.370    4.213    5.206    9.596
            0.500000  0.192450  0.340207
   -7.847   -7.746   -7.741   -7.680   -7.675   -3.410    0.352    4.377    5.279    9.457
            0.500000  0.202073  0.326599
   -7.846   -7.746   -7.742   -7.679   -7.675   -3.444    0.334    4.545    5.346    9.313
            0.500000  0.211695  0.312990
   -7.846   -7.747   -7.744   -7.678   -7.675   -3.474    0.317    4.714    5.407    9.164
            0.500000  0.221318  0.299382
   -7.845   -7.747   -7.745   -7.677   -7.675   -3.501    0.301    4.882    5.461    9.012
            0.500000  0.230940  0.285774
   -7.845   -7.748   -7.746   -7.677   -7.675   -3.525    0.287    5.045    5.508    8.862
            0.500000  0.240563  0.272166
   -7.845   -7.748   -7.747   -7.676   -7.675   -3.545    0.274    5.200    5.547    8.717
            0.500000  0.250185  0.258557
   -7.844   -7.748   -7.747   -7.676   -7.675   -3.562    0.263    5.341    5.580    8.582
            0.500000  0.259808  0.244949
   -7.844   -7.748   -7.748   -7.675   -7.675   -3.575    0.255    5.462    5.605    8.465
            0.500000  0.269430  0.231341
   -7.844   -7.749   -7.748   -7.675   -7.675   -3.584    0.249    5.556    5.623    8.373
            0.500000  0.279053  0.217732
   -7.844   -7.749   -7.749   -7.675   -7.675   -3.590    0.245    5.617    5.634    8.314
            0.500000  0.288675  0.204124
   -7.844   -7.749   -7.749   -7.675   -7.675   -3.592    0.244    5.638    5.638    8.293
            0.495833  0.286270  0.217324
   -7.844   -7.749   -7.749   -7.675   -7.675   -3.590    0.245    5.623    5.635    8.308
            0.491667  0.283864  0.230524
   -7.844   -7.749   -7.748   -7.675   -7.675   -3.586    0.247    5.579    5.628    8.350
            0.487500  0.281458  0.243724
   -7.844   -7.749   -7.748   -7.675   -7.675   -3.580    0.252    5.510    5.615    8.418
            0.483333  0.279053  0.256924
   -7.844   -7.748   -7.748   -7.675   -7.675   -3.570    0.258    5.418    5.598    8.506
            0.479167  0.276647  0.270124
   -7.844   -7.748   -7.747   -7.676   -7.675   -3.558    0.266    5.310    5.576    8.609
            0.475000  0.274241  0.283324
   -7.845   -7.748   -7.747   -7.676   -7.675   -3.544    0.275    5.187    5.550    8.722
            0.470833  0.271836  0.296524
   -7.845   -7.748   -7.746   -7.677   -7.675   -3.527    0.286    5.055    5.520    8.840
            0.466667  0.269430  0.309724
   -7.845   -7.747   -7.745   -7.677   -7.675   -3.508    0.298    4.915    5.487    8.960
            0.462500  0.267024  0.322924
   -7.846   -7.747   -7.744   -7.678   -7.675   -3.486    0.311    4.771    5.450    9.074
            0.458333  0.264619  0.336124
   -7.846   -7.746   -7.743   -7.679   -7.675   -3.462    0.325    4.624    5.411    9.180
            0.454167  0.262213  0.349324
   -7.846   -7.746   -7.742   -7.679   -7.675   -3.435    0.339    4.476    5.369    9.272
            0.450000  0.259808  0.362524
   -7.847   -7.745   -7.741   -7.680   -7.675   -3.406    0.354    4.328    5.326    9.347
            0.445833  0.257402  0.375725
   -7.847   -7.745   -7.740   -7.681   -7.675   -3.376    0.370    4.182    5.281    9.403
            0.441667  0.254996  0.388925
   -7.848   -7.744   -7.739   -7.682   -7.675   -3.343    0.385    4.039    5.235    9.438
            0.437500  0.252591  0.402125
   -7.849   -7.743   -7.737   -7.683   -7.675   -3.309    0.399    3.900    5.188    9.455
            0.433333  0.250185  0.415325
   -7.850   -7.743   -7.736   -7.684   -7.674   -3.273    0.412    3.766    5.141    9.454
            0.429167  0.247779  0.428525
   -7.850   -7.742   -7.735   -7.685   -7.674   -3.235    0.424    3.638    5.093    9.441
            0.425000  0.245374  0.441725
   -7.851   -7.741   -7.733   -7.686   -7.674   -3.197    0.434    3.517    5.046    9.417
            0.420833  0.242968  0.454925
   -7.852   -7.740   -7.732   -7.687   -7.674   -3.157    0.441    3.404    4.999    9.385
            0.416667  0.240563  0.468125
   -7.853   -7.739   -7.731   -7.688   -7.674   -3.117    0.445    3.301    4.953    9.349
            0.412500  0.238157  0.481325
   -7.854   -7.738   -7.729   -7.689   -7.674   -3.077    0.445    3.207    4.908    9.309
            0.408333  0.235751  0.494525
   -7.855   -7.737   -7.728   -7.690   -7.674   -3.036    0.442    3.125    4.864    9.267
            0.404167  0.233346  0.507725
   -7.856   -7.736   -7.727   -7.691   -7.673   -2.997    0.434    3.054    4.822    9.224
            0.400000  0.230940  0.520925
   -7.857   -7.735   -7.726   -7.692   -7.673   -2.958    0.423    2.996    4.781    9.182
            0.395833  0.228534  0.534125
   -7.858   -7.734   -7.725   -7.693   -7.673   -2.921    0.408    2.950    4.742    9.141
            0.391667  0.226129  0.547325
   -7.859   -7.734   -7.724   -7.694   -7.672   -2.886    0.391    2.916    4.704    9.102
            0.387500  0.223723  0.560525
   -7.860   -7.733   -7.723   -7.695   -7.672   -2.855    0.371    2.895    4.669    9.064
            0.383333  0.221318  0.573725
   -7.861   -7.732   -7.722   -7.696   -7.672   -2.827    0.350    2.886    4.636    9.028
            0.379167  0.218912  0.586925
   -7.862   -7.731   -7.721   -7.696   -7.671   -2.803    0.330    2.889    4.605    8.996
            0.375000  0.216506  0.600125
   -7.863   -7.730   -7.721   -7.697   -7.671   -2.785    0.311    2.902    4.576    8.966
            0.379167  0.199667  0.593729
   -7.862   -7.731   -7.721   -7.696   -7.671   -2.797    0.327    2.883    4.591    9.013
            0.383333  0.182828  0.587333
   -7.861   -7.732   -7.722   -7.696   -7.672   -2.808    0.342    2.871    4.582    9.099
            0.387500  0.165988  0.580937
   -7.860   -7.733   -7.722   -7.695   -7.672   -2.818    0.359    2.866    4.554    9.221
            0.391667  0.149149  0.574541
   -7.859   -7.734   -7.722   -7.694   -7.673   -2.826    0.375    2.868    4.508    9.377
            0.395833  0.132309  0.568146
   -7.859   -7.735   -7.722   -7.694   -7.673   -2.834    0.391    2.877    4.449    9.561
            0.400000  0.115470  0.561750
   -7.858   -7.736   -7.722   -7.693   -7.674   -2.840    0.407    2.892    4.380    9.769
            0.404167  0.098631  0.555354
   -7.858   -7.737   -7.721   -7.693   -7.674   -2.845    0.421    2.914    4.306    9.995
            0.408333  0.081791  0.548958
   -7.857   -7.738   -7.721   -7.692   -7.674   -2.848    0.433    2.942    4.230   10.234
            0.412500  0.064952  0.542562
   -7.857   -7.738   -7.721   -7.692   -7.674   -2.850    0.443    2.976    4.155   10.474
            0.416667  0.048113  0.536166
   -7.857   -7.738   -7.720   -7.693   -7.674   -2.851    0.450    3.017    4.084   10.700
            0.420833  0.031273  0.529770
   -7.858   -7.738   -7.720   -7.693   -7.674   -2.850    0.453    3.063    4.018   10.874
            0.425000  0.014434  0.523374
   -7.858   -7.737   -7.720   -7.694   -7.673   -2.848    0.453    3.114    3.960   10.936
            0.429167 -0.002406  0.516978
   -7.859   -7.736   -7.719   -7.695   -7.673   -2.845    0.448    3.170    3.912   10.863
            0.433333 -0.019245  0.510583
   -7.860   -7.735   -7.719   -7.696   -7.672   -2.840    0.438    3.231    3.872   10.701
            0.437500 -0.036084  0.504187
   -7.861   -7.734   -7.719   -7.697   -7.671   -2.835    0.425    3.296    3.844   10.501
            0.441667 -0.052924  0.497791
   -7.863   -7.732   -7.718   -7.698   -7.670   -2.828    0.406    3.364    3.826   10.288
            0.445833 -0.069763  0.491395
   -7.864   -7.730   -7.718   -7.699   -7.669   -2.820    0.384    3.435    3.819   10.073
            0.450000 -0.086603  0.484999
   -7.866   -7.728   -7.718   -7.701   -7.668   -2.812    0.359    3.508    3.822    9.862
            0.454167 -0.103442  0.478603
   -7.867   -7.726   -7.717   -7.702   -7.667   -2.803    0.331    3.583    3.835    9.658
            0.458333 -0.120281  0.472207
   -7.869   -7.724   -7.717   -7.703   -7.666   -2.794    0.301    3.657    3.855    9.464
            0.462500 -0.137121  0.465811
   -7.870   -7.722   -7.716   -7.704   -7.666   -2.785    0.270    3.731    3.882    9.282
            0.466667 -0.153960  0.459415
   -7.872   -7.720   -7.716   -7.706   -7.665   -2.776    0.239    3.802    3.915    9.114
            0.470833 -0.170799  0.453020
   -7.873   -7.719   -7.716   -7.707   -7.664   -2.767    0.209    3.870    3.951    8.960
            0.475000 -0.187639  0.446624
   -7.875   -7.717   -7.715   -7.708   -7.664   -2.759    0.182    3.933    3.988    8.824
            0.479167 -0.204478  0.440228
   -7.876   -7.716   -7.715   -7.709   -7.663   -2.751    0.156    3.989    4.024    8.707
            0.483333 -0.221318  0.433832
   -7.877   -7.715   -7.714   -7.710   -7.663   -2.745    0.135    4.038    4.058    8.609
            0.487500 -0.238157  0.427436
   -7.877   -7.714   -7.713   -7.710   -7.662   -2.740    0.117    4.077    4.088    8.533
            0.491667 -0.254996  0.421040
   -7.878   -7.714   -7.713   -7.711   -7.662   -2.736    0.104    4.106    4.110    8.478
            0.495833 -0.271836  0.414644
   -7.878   -7.713   -7.712   -7.712   -7.662   -2.733    0.097    4.123    4.124    8.445
            0.500000 -0.288675  0.408248
   -7.878   -7.713   -7.712   -7.712   -7.662   -2.733    0.094    4.129    4.129    8.434
