 &plot nbnd=  16, nks=   301 /
            0.000000  0.000000  0.000000
   -8.384   -8.384   -8.384   -8.285   -8.285   -5.556    5.375    5.906    5.906    5.906
    9.772    9.772    9.772   13.247   15.462   15.462
            0.016667 -0.009623  0.013608
   -8.385   -8.384   -8.384   -8.285   -8.285   -5.552    5.284    5.896    5.896    5.998
    9.757    9.787    9.787   13.271   15.360   15.465
            0.033333 -0.019245  0.027217
   -8.386   -8.383   -8.383   -8.285   -8.285   -5.542    5.096    5.866    5.866    6.186
    9.711    9.829    9.829   13.341   15.130   15.474
            0.050000 -0.028868  0.040825
   -8.388   -8.382   -8.382   -8.285   -8.285   -5.525    4.881    5.817    5.817    6.402
    9.640    9.898    9.898   13.454   14.852   15.490
            0.066667 -0.038490  0.054433
   -8.391   -8.381   -8.381   -8.286   -8.284   -5.501    4.658    5.752    5.752    6.625
    9.548    9.992    9.992   13.602   14.563   15.512
            0.083333 -0.048113  0.068041
   -8.395   -8.379   -8.379   -8.286   -8.284   -5.470    4.432    5.672    5.672    6.850
    9.439   10.108   10.108   13.771   14.287   15.541
            0.100000 -0.057735  0.081650
   -8.400   -8.377   -8.377   -8.287   -8.283   -5.433    4.205    5.582    5.582    7.072
    9.320   10.242   10.242   13.856   14.132   15.575
            0.116667 -0.067358  0.095258
   -8.405   -8.375   -8.375   -8.288   -8.282   -5.390    3.979    5.483    5.483    7.289
    9.195   10.394   10.394   13.661   14.293   15.616
            0.133333 -0.076980  0.108866
   -8.411   -8.373   -8.373   -8.289   -8.281   -5.341    3.754    5.378    5.378    7.498
    9.066   10.559   10.559   13.422   14.537   15.663
            0.150000 -0.086603  0.122474
   -8.417   -8.370   -8.370   -8.290   -8.281   -5.285    3.532    5.269    5.269    7.697
    8.937   10.737   10.737   13.198   14.805   15.716
            0.166667 -0.096225  0.136083
   -8.424   -8.368   -8.368   -8.291   -8.280   -5.224    3.311    5.158    5.158    7.880
    8.811   10.924   10.924   12.998   15.088   15.775
            0.183333 -0.105848  0.149691
   -8.431   -8.365   -8.365   -8.292   -8.279   -5.158    3.093    5.046    5.046    8.042
    8.690   11.121   11.121   12.829   15.382   15.840
            0.200000 -0.115470  0.163299
   -8.438   -8.362   -8.362   -8.293   -8.278   -5.087    2.878    4.935    4.935    8.178
    8.578   11.324   11.324   12.696   15.684   15.910
            0.216667 -0.125093  0.176908
   -8.446   -8.359   -8.359   -8.295   -8.277   -5.011    2.666    4.825    4.825    8.267
    8.493   11.534   11.534   12.602   15.987   15.990
            0.233333 -0.134715  0.190516
   -8.453   -8.356   -8.356   -8.296   -8.276   -4.931    2.457    4.718    4.718    8.264
    8.476   11.748   11.748   12.552   16.068   16.297
            0.250000 -0.144338  0.204124
   -8.461   -8.352   -8.352   -8.298   -8.275   -4.847    2.253    4.615    4.615    8.190
    8.507   11.967   11.967   12.547   16.155   16.600
            0.266667 -0.153960  0.217732
   -8.468   -8.349   -8.349   -8.299   -8.274   -4.761    2.053    4.516    4.516    8.104
    8.526   12.190   12.190   12.586   16.246   16.895
            0.283333 -0.163583  0.231341
   -8.475   -8.345   -8.345   -8.301   -8.273   -4.671    1.859    4.422    4.422    8.020
    8.524   12.415   12.415   12.666   16.342   17.176
            0.300000 -0.173205  0.244949
   -8.481   -8.342   -8.342   -8.303   -8.272   -4.581    1.670    4.333    4.333    7.941
    8.500   12.641   12.641   12.782   16.442   17.436
            0.316667 -0.182828  0.258557
   -8.488   -8.339   -8.339   -8.304   -8.271   -4.489    1.488    4.250    4.250    7.870
    8.459   12.869   12.869   12.929   16.544   17.666
            0.333333 -0.192450  0.272166
   -8.494   -8.336   -8.336   -8.305   -8.270   -4.398    1.314    4.172    4.172    7.806
    8.406   13.097   13.097   13.100   16.650   17.858
            0.350000 -0.202073  0.285774
   -8.499   -8.333   -8.333   -8.307   -8.269   -4.308    1.150    4.102    4.102    7.749
    8.344   13.289   13.324   13.324   16.756   18.001
            0.366667 -0.211695  0.299382
   -8.504   -8.330   -8.330   -8.308   -8.268   -4.220    0.995    4.038    4.038    7.700
    8.278   13.490   13.548   13.548   16.862   18.085
            0.383333 -0.221318  0.312990
   -8.509   -8.328   -8.328   -8.309   -8.268   -4.137    0.852    3.981    3.981    7.660
    8.212   13.698   13.766   13.766   16.967   18.108
            0.400000 -0.230940  0.326599
   -8.513   -8.326   -8.326   -8.310   -8.267   -4.060    0.723    3.932    3.932    7.626
    8.149   13.906   13.977   13.977   17.068   18.074
            0.416667 -0.240563  0.340207
   -8.517   -8.324   -8.324   -8.311   -8.267   -3.990    0.610    3.889    3.889    7.600
    8.090   14.108   14.176   14.176   17.162   17.996
            0.433333 -0.250185  0.353815
   -8.520   -8.322   -8.322   -8.311   -8.266   -3.929    0.513    3.854    3.854    7.580
    8.038   14.296   14.357   14.357   17.246   17.893
            0.450000 -0.259808  0.367423
   -8.522   -8.321   -8.321   -8.312   -8.266   -3.879    0.436    3.827    3.827    7.566
    7.996   14.460   14.514   14.514   17.318   17.784
            0.466667 -0.269430  0.381032
   -8.523   -8.320   -8.320   -8.313   -8.265   -3.843    0.379    3.808    3.808    7.557
    7.964   14.590   14.636   14.636   17.372   17.688
            0.483333 -0.279053  0.394640
   -8.524   -8.320   -8.320   -8.313   -8.265   -3.820    0.345    3.796    3.796    7.552
    7.944   14.675   14.714   14.714   17.407   17.623
            0.500000 -0.288675  0.408248
   -8.524   -8.319   -8.319   -8.313   -8.265   -3.812    0.333    3.792    3.792    7.550
    7.937   14.704   14.742   14.742   17.418   17.599
            0.500000 -0.279053  0.415052
   -8.525   -8.319   -8.319   -8.313   -8.265   -3.812    0.333    3.790    3.791    7.555
    7.941   14.662   14.730   14.779   17.416   17.586
            0.500000 -0.269430  0.421857
   -8.525   -8.320   -8.319   -8.313   -8.265   -3.812    0.334    3.785    3.786    7.568
    7.953   14.600   14.695   14.825   17.407   17.560
            0.500000 -0.259808  0.428661
   -8.524   -8.320   -8.320   -8.312   -8.266   -3.812    0.336    3.776    3.778    7.589
    7.973   14.533   14.638   14.869   17.390   17.535
            0.500000 -0.250185  0.435465
   -8.524   -8.320   -8.320   -8.312   -8.266   -3.811    0.338    3.764    3.767    7.619
    8.000   14.459   14.560   14.908   17.367   17.521
            0.500000 -0.240563  0.442269
   -8.524   -8.321   -8.320   -8.312   -8.266   -3.810    0.341    3.748    3.753    7.657
    8.035   14.379   14.465   14.944   17.342   17.516
            0.500000 -0.230940  0.449073
   -8.523   -8.322   -8.320   -8.311   -8.266   -3.809    0.344    3.730    3.736    7.703
    8.076   14.294   14.355   14.976   17.317   17.517
            0.500000 -0.221318  0.455877
   -8.523   -8.323   -8.321   -8.311   -8.266   -3.808    0.348    3.709    3.718    7.756
    8.125   14.204   14.231   15.006   17.296   17.521
            0.500000 -0.211695  0.462681
   -8.522   -8.323   -8.321   -8.310   -8.267   -3.806    0.352    3.685    3.697    7.817
    8.180   14.097   14.108   15.033   17.278   17.528
            0.500000 -0.202073  0.469486
   -8.521   -8.324   -8.321   -8.309   -8.267   -3.805    0.357    3.660    3.675    7.885
    8.242   13.954   14.008   15.057   17.264   17.538
            0.500000 -0.192450  0.476290
   -8.520   -8.325   -8.322   -8.309   -8.267   -3.803    0.362    3.633    3.652    7.959
    8.309   13.804   13.903   15.080   17.253   17.548
            0.500000 -0.182828  0.483094
   -8.519   -8.326   -8.322   -8.308   -8.268   -3.801    0.367    3.605    3.627    8.040
    8.381   13.648   13.795   15.100   17.245   17.560
            0.500000 -0.173205  0.489898
   -8.518   -8.328   -8.322   -8.307   -8.268   -3.800    0.373    3.576    3.602    8.127
    8.458   13.487   13.682   15.119   17.239   17.574
            0.500000 -0.163583  0.496702
   -8.518   -8.329   -8.322   -8.306   -8.269   -3.798    0.379    3.546    3.577    8.219
    8.539   13.323   13.567   15.137   17.235   17.588
            0.500000 -0.153960  0.503506
   -8.517   -8.330   -8.323   -8.306   -8.269   -3.796    0.385    3.516    3.551    8.317
    8.624   13.157   13.448   15.153   17.233   17.603
            0.500000 -0.144338  0.510310
   -8.516   -8.331   -8.323   -8.305   -8.270   -3.794    0.392    3.486    3.526    8.420
    8.713   12.989   13.328   15.168   17.232   17.618
            0.500000 -0.134715  0.517115
   -8.515   -8.333   -8.323   -8.304   -8.270   -3.792    0.398    3.456    3.501    8.527
    8.804   12.819   13.207   15.182   17.232   17.633
            0.500000 -0.125093  0.523919
   -8.513   -8.334   -8.323   -8.303   -8.271   -3.790    0.405    3.428    3.477    8.639
    8.898   12.649   13.085   15.195   17.233   17.610
            0.500000 -0.115470  0.530723
   -8.513   -8.335   -8.323   -8.302   -8.271   -3.788    0.411    3.400    3.454    8.755
    8.993   12.478   12.963   15.207   17.235   17.587
            0.500000 -0.105848  0.537527
   -8.511   -8.337   -8.323   -8.302   -8.272   -3.786    0.417    3.373    3.432    8.875
    9.090   12.308   12.842   15.218   17.237   17.566
            0.500000 -0.096225  0.544331
   -8.510   -8.338   -8.323   -8.301   -8.273   -3.784    0.423    3.348    3.412    8.998
    9.186   12.138   12.722   15.228   17.240   17.547
            0.500000 -0.086603  0.551135
   -8.510   -8.339   -8.324   -8.300   -8.273   -3.783    0.429    3.324    3.392    9.125
    9.281   11.970   12.606   15.238   17.242   17.529
            0.500000 -0.076980  0.557939
   -8.509   -8.340   -8.324   -8.299   -8.274   -3.781    0.434    3.303    3.375    9.254
    9.375   11.802   12.493   15.246   17.245   17.513
            0.500000 -0.067358  0.564743
   -8.508   -8.341   -8.324   -8.299   -8.274   -3.780    0.439    3.283    3.359    9.387
    9.465   11.637   12.386   15.253   17.248   17.498
            0.500000 -0.057735  0.571548
   -8.507   -8.342   -8.324   -8.298   -8.275   -3.778    0.444    3.266    3.345    9.520
    9.550   11.474   12.286   15.259   17.250   17.485
            0.500000 -0.048113  0.578352
   -8.506   -8.343   -8.324   -8.297   -8.275   -3.777    0.448    3.251    3.333    9.628
    9.655   11.315   12.196   15.265   17.253   17.475
            0.500000 -0.038490  0.585156
   -8.506   -8.344   -8.324   -8.297   -8.276   -3.776    0.451    3.239    3.324    9.697
    9.790   11.160   12.116   15.269   17.255   17.466
            0.500000 -0.028868  0.591960
   -8.505   -8.344   -8.324   -8.297   -8.276   -3.776    0.453    3.229    3.316    9.754
    9.921   11.013   12.050   15.273   17.256   17.459
            0.500000 -0.019245  0.598764
   -8.505   -8.344   -8.324   -8.296   -8.276   -3.775    0.455    3.222    3.310    9.798
   10.042   10.881   12.001   15.275   17.258   17.453
            0.500000 -0.009623  0.605568
   -8.504   -8.344   -8.324   -8.296   -8.276   -3.775    0.456    3.218    3.307    9.825
   10.139   10.778   11.971   15.277   17.258   17.450
            0.500000  0.000000  0.612372
   -8.504   -8.345   -8.324   -8.296   -8.276   -3.775    0.457    3.216    3.306    9.834
   10.179   10.735   11.960   15.277   17.259   17.449
            0.495833  0.007217  0.611964
   -8.504   -8.345   -8.324   -8.296   -8.276   -3.775    0.457    3.212    3.312    9.829
   10.171   10.746   11.964   15.274   17.252   17.449
            0.491667  0.014434  0.611556
   -8.505   -8.345   -8.324   -8.296   -8.276   -3.776    0.457    3.201    3.327    9.810
   10.153   10.776   11.976   15.262   17.230   17.449
            0.487500  0.021651  0.611148
   -8.505   -8.345   -8.324   -8.296   -8.276   -3.777    0.457    3.186    3.349    9.776
   10.132   10.821   11.995   15.242   17.194   17.456
            0.483333  0.028868  0.610739
   -8.505   -8.344   -8.324   -8.296   -8.276   -3.778    0.458    3.169    3.374    9.725
   10.115   10.876   12.020   15.215   17.146   17.471
            0.479167  0.036084  0.610331
   -8.505   -8.344   -8.324   -8.296   -8.276   -3.780    0.458    3.152    3.402    9.659
   10.104   10.939   12.050   15.181   17.088   17.494
            0.475000  0.043301  0.609923
   -8.505   -8.344   -8.324   -8.296   -8.276   -3.782    0.459    3.135    3.433    9.582
   10.098   11.007   12.085   15.140   17.024   17.524
            0.470833  0.050518  0.609515
   -8.505   -8.344   -8.324   -8.296   -8.276   -3.785    0.459    3.119    3.466    9.497
   10.096   11.079   12.124   15.093   16.957   17.559
            0.466667  0.057735  0.609106
   -8.505   -8.344   -8.325   -8.297   -8.276   -3.787    0.460    3.102    3.501    9.408
   10.095   11.153   12.166   15.039   16.886   17.599
            0.462500  0.064952  0.608698
   -8.505   -8.344   -8.325   -8.297   -8.276   -3.790    0.460    3.086    3.537    9.316
   10.096   11.230   12.211   14.981   16.813   17.642
            0.458333  0.072169  0.608290
   -8.505   -8.343   -8.325   -8.297   -8.276   -3.793    0.461    3.071    3.574    9.223
   10.097   11.309   12.259   14.918   16.739   17.688
            0.454167  0.079386  0.607882
   -8.505   -8.343   -8.325   -8.297   -8.276   -3.796    0.461    3.056    3.612    9.130
   10.099   11.390   12.308   14.850   16.665   17.736
            0.450000  0.086603  0.607473
   -8.505   -8.343   -8.325   -8.297   -8.276   -3.799    0.462    3.042    3.651    9.037
   10.101   11.472   12.360   14.778   16.590   17.785
            0.445833  0.093819  0.607065
   -8.505   -8.343   -8.326   -8.297   -8.275   -3.803    0.462    3.029    3.691    8.946
   10.103   11.555   12.412   14.703   16.515   17.835
            0.441667  0.101036  0.606657
   -8.505   -8.342   -8.326   -8.297   -8.275   -3.806    0.462    3.016    3.731    8.857
   10.105   11.639   12.465   14.625   16.441   17.885
            0.437500  0.108253  0.606249
   -8.505   -8.342   -8.326   -8.298   -8.275   -3.809    0.462    3.004    3.771    8.770
   10.107   11.724   12.518   14.544   16.368   17.935
            0.433333  0.115470  0.605840
   -8.505   -8.342   -8.326   -8.298   -8.275   -3.812    0.463    2.992    3.811    8.686
   10.108   11.810   12.572   14.461   16.297   17.983
            0.429167  0.122687  0.605432
   -8.506   -8.341   -8.326   -8.298   -8.275   -3.815    0.463    2.981    3.850    8.605
   10.110   11.896   12.624   14.376   16.226   18.029
            0.425000  0.129904  0.605024
   -8.506   -8.341   -8.327   -8.298   -8.275   -3.818    0.463    2.971    3.888    8.529
   10.112   11.983   12.676   14.289   16.158   18.073
            0.420833  0.137121  0.604616
   -8.506   -8.340   -8.327   -8.298   -8.275   -3.821    0.463    2.962    3.925    8.456
   10.114   12.071   12.727   14.200   16.093   18.115
            0.416667  0.144338  0.604207
   -8.506   -8.340   -8.327   -8.298   -8.274   -3.823    0.463    2.953    3.961    8.388
   10.116   12.159   12.775   14.110   16.030   18.153
            0.412500  0.151554  0.603799
   -8.506   -8.340   -8.327   -8.298   -8.274   -3.826    0.463    2.945    3.995    8.325
   10.118   12.247   12.822   14.020   15.971   18.189
            0.408333  0.158771  0.603391
   -8.506   -8.339   -8.328   -8.298   -8.274   -3.828    0.463    2.938    4.027    8.268
   10.120   12.334   12.865   13.929   15.915   18.220
            0.404167  0.165988  0.602983
   -8.506   -8.339   -8.328   -8.298   -8.274   -3.830    0.463    2.932    4.056    8.216
   10.123   12.422   12.904   13.838   15.865   18.249
            0.400000  0.173205  0.602574
   -8.506   -8.339   -8.328   -8.298   -8.274   -3.832    0.463    2.926    4.082    8.171
   10.125   12.508   12.940   13.748   15.819   18.273
            0.395833  0.180422  0.602166
   -8.506   -8.339   -8.328   -8.298   -8.274   -3.834    0.463    2.921    4.105    8.131
   10.128   12.593   12.970   13.659   15.778   18.294
            0.391667  0.187639  0.601758
   -8.506   -8.338   -8.329   -8.298   -8.274   -3.835    0.464    2.917    4.124    8.099
   10.131   12.676   12.994   13.574   15.743   18.311
            0.387500  0.194856  0.601350
   -8.506   -8.338   -8.329   -8.298   -8.274   -3.836    0.464    2.914    4.139    8.074
   10.134   12.754   13.011   13.494   15.715   18.325
            0.383333  0.202073  0.600941
   -8.506   -8.338   -8.329   -8.299   -8.274   -3.837    0.464    2.911    4.151    8.056
   10.137   12.824   13.018   13.426   15.694   18.335
            0.379167  0.209289  0.600533
   -8.506   -8.338   -8.329   -8.298   -8.274   -3.838    0.464    2.909    4.158    8.045
   10.141   12.879   13.015   13.377   15.680   18.341
            0.375000  0.216506  0.600125
   -8.506   -8.338   -8.329   -8.298   -8.274   -3.838    0.465    2.908    4.161    8.042
   10.145   12.901   13.008   13.357   15.674   18.343
            0.362500  0.209289  0.580121
   -8.503   -8.340   -8.331   -8.296   -8.275   -3.859    0.492    2.868    4.230    8.095
   10.408   12.795   12.802   13.178   15.451   18.403
            0.350000  0.202073  0.560117
   -8.500   -8.343   -8.333   -8.294   -8.277   -3.887    0.525    2.848    4.303    8.148
   10.620   12.600   12.658   13.110   15.236   18.407
            0.337500  0.194856  0.540112
   -8.497   -8.344   -8.335   -8.292   -8.278   -3.922    0.565    2.849    4.381    8.199
   10.764   12.404   12.467   13.191   15.029   18.352
            0.325000  0.187639  0.520108
   -8.494   -8.346   -8.337   -8.290   -8.279   -3.965    0.613    2.870    4.461    8.246
   10.842   12.214   12.253   13.393   14.831   18.249
            0.312500  0.180422  0.500104
   -8.491   -8.348   -8.339   -8.288   -8.281   -4.016    0.671    2.912    4.545    8.287
   10.867   12.030   12.035   13.680   14.644   18.114
            0.300000  0.173205  0.480100
   -8.487   -8.349   -8.341   -8.287   -8.282   -4.074    0.741    2.971    4.631    8.320
   10.863   11.818   11.854   14.025   14.469   17.959
            0.287500  0.165988  0.460096
   -8.484   -8.351   -8.344   -8.285   -8.283   -4.140    0.824    3.047    4.718    8.342
   10.846   11.608   11.684   14.306   14.402   17.791
            0.275000  0.158771  0.440092
   -8.480   -8.352   -8.346   -8.284   -8.284   -4.211    0.920    3.139    4.807    8.351
   10.829   11.404   11.522   14.158   14.789   17.606
            0.262500  0.151554  0.420087
   -8.477   -8.353   -8.349   -8.285   -8.283   -4.288    1.029    3.245    4.895    8.346
   10.820   11.209   11.367   14.025   15.160   17.391
            0.250000  0.144338  0.400083
   -8.473   -8.354   -8.351   -8.286   -8.282   -4.370    1.153    3.363    4.984    8.325
   10.821   11.024   11.220   13.908   15.478   17.143
            0.237500  0.137121  0.380079
   -8.468   -8.355   -8.354   -8.287   -8.281   -4.455    1.290    3.493    5.070    8.288
   10.814   10.872   11.080   13.809   15.689   16.881
            0.225000  0.129904  0.360075
   -8.464   -8.356   -8.356   -8.287   -8.280   -4.542    1.441    3.632    5.155    8.237
   10.673   10.875   10.948   13.727   15.747   16.631
            0.212500  0.122687  0.340071
   -8.459   -8.359   -8.358   -8.288   -8.280   -4.630    1.605    3.781    5.238    8.172
   10.520   10.822   10.910   13.665   15.656   16.412
            0.200000  0.115470  0.320067
   -8.454   -8.361   -8.359   -8.288   -8.280   -4.718    1.781    3.936    5.317    8.097
   10.377   10.704   10.948   13.623   15.468   16.218
            0.187500  0.108253  0.300062
   -8.448   -8.364   -8.360   -8.288   -8.280   -4.805    1.969    4.098    5.391    8.011
   10.245   10.593   10.983   13.602   15.243   16.034
            0.175000  0.101036  0.280058
   -8.443   -8.366   -8.362   -8.288   -8.281   -4.890    2.169    4.264    5.462    7.918
   10.127   10.489   11.006   13.602   15.020   15.850
            0.162500  0.093819  0.260054
   -8.437   -8.368   -8.364   -8.288   -8.281   -4.973    2.379    4.432    5.527    7.817
   10.022   10.392   11.008   13.624   14.823   15.658
            0.150000  0.086603  0.240050
   -8.431   -8.370   -8.365   -8.288   -8.281   -5.052    2.598    4.602    5.587    7.710
    9.930   10.302   10.983   13.668   14.668   15.458
            0.137500  0.079386  0.220046
   -8.425   -8.372   -8.367   -8.287   -8.282   -5.127    2.826    4.771    5.642    7.596
    9.853   10.219   10.926   13.734   14.563   15.248
            0.125000  0.072169  0.200042
   -8.419   -8.374   -8.370   -8.287   -8.282   -5.197    3.062    4.936    5.691    7.476
    9.791   10.143   10.836   13.823   14.510   15.031
            0.112500  0.064952  0.180037
   -8.413   -8.376   -8.372   -8.287   -8.283   -5.263    3.305    5.097    5.735    7.349
    9.744   10.073   10.718   13.933   14.495   14.820
            0.100000  0.057735  0.160033
   -8.408   -8.377   -8.374   -8.286   -8.283   -5.322    3.554    5.249    5.773    7.213
    9.712   10.011   10.579   14.064   14.443   14.689
            0.087500  0.050518  0.140029
   -8.402   -8.379   -8.375   -8.286   -8.283   -5.375    3.807    5.391    5.806    7.067
    9.695    9.955   10.429   14.215   14.259   14.726
            0.075000  0.043301  0.120025
   -8.398   -8.380   -8.377   -8.285   -8.284   -5.422    4.064    5.520    5.834    6.910
    9.691    9.907   10.279   14.040   14.385   14.833
            0.062500  0.036084  0.100021
   -8.394   -8.381   -8.379   -8.285   -8.284   -5.463    4.322    5.634    5.857    6.742
    9.698    9.866   10.138   13.828   14.572   14.966
            0.050000  0.028868  0.080017
   -8.390   -8.382   -8.381   -8.285   -8.284   -5.496    4.578    5.729    5.875    6.561
    9.714    9.832   10.013   13.636   14.775   15.107
            0.037500  0.021651  0.060012
   -8.388   -8.383   -8.382   -8.285   -8.285   -5.522    4.830    5.806    5.889    6.371
    9.734    9.806    9.911   13.473   14.987   15.242
            0.025000  0.014434  0.040008
   -8.386   -8.384   -8.383   -8.285   -8.285   -5.541    5.069    5.861    5.899    6.176
    9.753    9.787    9.835   13.350   15.198   15.357
            0.012500  0.007217  0.020004
   -8.384   -8.384   -8.384   -8.285   -8.285   -5.552    5.275    5.895    5.904    5.997
    9.767    9.776    9.788   13.273   15.380   15.434
            0.000000  0.000000  0.000000
   -8.384   -8.384   -8.384   -8.285   -8.285   -5.556    5.375    5.906    5.906    5.906
    9.772    9.772    9.772   13.247   15.462   15.462
            0.016667  0.009623  0.006804
   -8.384   -8.384   -8.384   -8.285   -8.285   -5.553    5.304    5.903    5.903    5.969
    9.772    9.778    9.778   13.265   15.423   15.423
            0.033333  0.019245  0.013608
   -8.385   -8.384   -8.384   -8.285   -8.285   -5.545    5.144    5.893    5.893    6.103
    9.770    9.793    9.793   13.318   15.327   15.327
            0.050000  0.028868  0.020412
   -8.386   -8.383   -8.383   -8.285   -8.285   -5.533    4.951    5.876    5.876    6.254
    9.770    9.819    9.819   13.404   15.203   15.203
            0.066667  0.038490  0.027217
   -8.388   -8.382   -8.382   -8.285   -8.285   -5.515    4.742    5.853    5.853    6.401
    9.775    9.854    9.854   13.519   15.072   15.072
            0.083333  0.048113  0.034021
   -8.390   -8.381   -8.381   -8.285   -8.285   -5.492    4.525    5.825    5.825    6.538
    9.789    9.897    9.897   13.658   14.942   14.942
            0.100000  0.057735  0.040825
   -8.393   -8.381   -8.381   -8.285   -8.285   -5.464    4.303    5.791    5.791    6.659
    9.815    9.947    9.947   13.813   14.820   14.820
            0.116667  0.067358  0.047629
   -8.396   -8.380   -8.380   -8.284   -8.284   -5.431    4.079    5.754    5.754    6.763
    9.858   10.003   10.003   13.974   14.709   14.709
            0.133333  0.076980  0.054433
   -8.400   -8.378   -8.378   -8.284   -8.284   -5.394    3.852    5.713    5.713    6.847
    9.919   10.062   10.062   14.129   14.611   14.611
            0.150000  0.086603  0.061237
   -8.404   -8.377   -8.377   -8.284   -8.284   -5.353    3.626    5.670    5.670    6.912
   10.001   10.124   10.124   14.260   14.527   14.527
            0.166667  0.096225  0.068041
   -8.408   -8.376   -8.376   -8.284   -8.284   -5.307    3.400    5.624    5.624    6.958
   10.104   10.186   10.186   14.349   14.460   14.460
            0.183333  0.105848  0.074846
   -8.413   -8.374   -8.374   -8.284   -8.284   -5.257    3.175    5.578    5.578    6.988
   10.227   10.247   10.247   14.388   14.411   14.411
            0.200000  0.115470  0.081650
   -8.417   -8.373   -8.373   -8.284   -8.284   -5.204    2.954    5.530    5.530    7.002
   10.305   10.305   10.367   14.382   14.382   14.383
            0.216667  0.125093  0.088454
   -8.422   -8.372   -8.372   -8.284   -8.284   -5.147    2.735    5.483    5.483    7.005
   10.359   10.359   10.524   14.347   14.372   14.372
            0.233333  0.134715  0.095258
   -8.427   -8.370   -8.370   -8.284   -8.284   -5.087    2.520    5.436    5.436    6.998
   10.407   10.407   10.694   14.294   14.384   14.384
            0.250000  0.144338  0.102062
   -8.431   -8.369   -8.369   -8.283   -8.283   -5.025    2.311    5.390    5.390    6.983
   10.448   10.448   10.874   14.235   14.418   14.418
            0.266667  0.153960  0.108866
   -8.436   -8.368   -8.368   -8.283   -8.283   -4.961    2.107    5.346    5.346    6.963
   10.483   10.483   11.063   14.174   14.473   14.473
            0.283333  0.163583  0.115670
   -8.441   -8.366   -8.366   -8.283   -8.283   -4.895    1.911    5.303    5.303    6.940
   10.511   10.511   11.257   14.118   14.550   14.550
            0.300000  0.173205  0.122474
   -8.445   -8.365   -8.365   -8.282   -8.282   -4.828    1.721    5.262    5.262    6.915
   10.531   10.531   11.452   14.070   14.647   14.647
            0.316667  0.182828  0.129279
   -8.450   -8.364   -8.364   -8.282   -8.282   -4.761    1.541    5.224    5.224    6.889
   10.546   10.546   11.647   14.033   14.764   14.764
            0.333333  0.192450  0.136083
   -8.454   -8.363   -8.363   -8.281   -8.281   -4.694    1.370    5.188    5.188    6.863
   10.554   10.554   11.836   14.011   14.900   14.900
            0.350000  0.202073  0.142887
   -8.458   -8.362   -8.362   -8.281   -8.281   -4.629    1.210    5.155    5.155    6.838
   10.559   10.559   12.014   14.008   15.052   15.052
            0.366667  0.211695  0.149691
   -8.461   -8.362   -8.362   -8.280   -8.280   -4.567    1.062    5.125    5.125    6.814
   10.560   10.560   12.177   14.028   15.219   15.219
            0.383333  0.221318  0.156495
   -8.464   -8.361   -8.361   -8.280   -8.280   -4.508    0.927    5.098    5.098    6.792
   10.558   10.558   12.320   14.072   15.399   15.399
            0.400000  0.230940  0.163299
   -8.467   -8.361   -8.361   -8.279   -8.279   -4.453    0.807    5.075    5.075    6.773
   10.554   10.554   12.438   14.143   15.589   15.589
            0.416667  0.240563  0.170103
   -8.470   -8.360   -8.360   -8.279   -8.279   -4.405    0.702    5.055    5.055    6.756
   10.550   10.550   12.530   14.238   15.785   15.785
            0.433333  0.250185  0.176908
   -8.472   -8.360   -8.360   -8.278   -8.278   -4.363    0.614    5.038    5.038    6.742
   10.546   10.546   12.598   14.347   15.983   15.983
            0.450000  0.259808  0.183712
   -8.473   -8.359   -8.359   -8.278   -8.278   -4.329    0.545    5.025    5.025    6.731
   10.542   10.542   12.645   14.460   16.174   16.174
            0.466667  0.269430  0.190516
   -8.474   -8.359   -8.359   -8.278   -8.278   -4.304    0.494    5.016    5.016    6.723
   10.538   10.538   12.676   14.561   16.344   16.344
            0.483333  0.279053  0.197320
   -8.475   -8.359   -8.359   -8.278   -8.278   -4.289    0.464    5.010    5.010    6.718
   10.536   10.536   12.692   14.631   16.469   16.469
            0.500000  0.288675  0.204124
   -8.475   -8.359   -8.359   -8.278   -8.278   -4.284    0.453    5.009    5.009    6.716
   10.536   10.536   12.698   14.657   16.516   16.516
            0.504167  0.276647  0.210928
   -8.475   -8.359   -8.359   -8.278   -8.278   -4.283    0.454    4.994    5.006    6.732
   10.530   10.540   12.702   14.658   16.502   16.509
            0.508333  0.264619  0.217732
   -8.475   -8.359   -8.359   -8.278   -8.278   -4.280    0.455    4.950    5.000    6.777
   10.514   10.554   12.714   14.659   16.458   16.490
            0.512500  0.252591  0.224537
   -8.476   -8.359   -8.358   -8.278   -8.278   -4.276    0.458    4.883    4.990    6.847
   10.487   10.577   12.732   14.664   16.385   16.459
            0.516667  0.240563  0.231341
   -8.476   -8.358   -8.358   -8.278   -8.278   -4.270    0.462    4.797    4.976    6.937
   10.453   10.609   12.753   14.671   16.288   16.418
            0.520833  0.228534  0.238145
   -8.476   -8.358   -8.357   -8.279   -8.278   -4.262    0.467    4.697    4.958    7.041
   10.414   10.650   12.773   14.684   16.177   16.369
            0.525000  0.216506  0.244949
   -8.477   -8.358   -8.357   -8.279   -8.278   -4.253    0.473    4.588    4.937    7.154
   10.371   10.699   12.789   14.703   16.061   16.315
            0.529167  0.204478  0.251753
   -8.477   -8.357   -8.356   -8.280   -8.278   -4.242    0.479    4.473    4.913    7.272
   10.327   10.756   12.797   14.727   15.948   16.258
            0.533333  0.192450  0.258557
   -8.478   -8.357   -8.355   -8.280   -8.278   -4.229    0.486    4.355    4.885    7.393
   10.284   10.821   12.794   14.753   15.849   16.197
            0.537500  0.180422  0.265361
   -8.479   -8.356   -8.354   -8.281   -8.278   -4.215    0.494    4.235    4.856    7.513
   10.246   10.894   12.780   14.773   15.773   16.136
            0.541667  0.168394  0.272166
   -8.480   -8.356   -8.353   -8.282   -8.278   -4.199    0.502    4.115    4.823    7.630
   10.213   10.973   12.753   14.778   15.732   16.074
            0.545833  0.156366  0.278970
   -8.481   -8.355   -8.352   -8.282   -8.278   -4.183    0.510    3.997    4.789    7.740
   10.189   11.059   12.714   14.759   15.737   16.013
            0.550000  0.144338  0.285774
   -8.482   -8.354   -8.350   -8.283   -8.278   -4.165    0.518    3.881    4.753    7.842
   10.176   11.151   12.664   14.711   15.791   15.953
            0.554167  0.132309  0.292578
   -8.483   -8.354   -8.349   -8.284   -8.278   -4.145    0.526    3.768    4.716    7.933
   10.175   11.249   12.606   14.640   15.886   15.895
            0.558333  0.120281  0.299382
   -8.485   -8.353   -8.347   -8.285   -8.278   -4.125    0.533    3.659    4.678    8.011
   10.188   11.352   12.541   14.554   15.840   16.015
            0.562500  0.108253  0.306186
   -8.486   -8.352   -8.346   -8.286   -8.277   -4.104    0.540    3.556    4.639    8.075
   10.214   11.459   12.472   14.461   15.787   16.168
            0.566667  0.096225  0.312990
   -8.487   -8.351   -8.345   -8.287   -8.277   -4.083    0.545    3.458    4.600    8.124
   10.252   11.571   12.402   14.363   15.738   16.340
            0.570833  0.084197  0.319794
   -8.489   -8.350   -8.343   -8.288   -8.277   -4.061    0.549    3.366    4.561    8.160
   10.301   11.685   12.334   14.264   15.693   16.527
            0.575000  0.072169  0.326599
   -8.490   -8.349   -8.342   -8.289   -8.277   -4.038    0.551    3.282    4.521    8.182
   10.356   11.803   12.273   14.167   15.652   16.724
            0.579167  0.060141  0.333403
   -8.492   -8.348   -8.340   -8.290   -8.277   -4.015    0.551    3.205    4.483    8.193
   10.412   11.922   12.223   14.071   15.616   16.929
            0.583333  0.048113  0.340207
   -8.493   -8.347   -8.339   -8.291   -8.277   -3.993    0.550    3.136    4.444    8.195
   10.463   12.043   12.189   13.978   15.586   17.139
            0.587500  0.036084  0.347011
   -8.495   -8.346   -8.337   -8.292   -8.277   -3.971    0.546    3.076    4.407    8.189
   10.501   12.164   12.177   13.888   15.562   17.350
            0.591667  0.024056  0.353815
   -8.497   -8.345   -8.336   -8.293   -8.276   -3.949    0.540    3.024    4.370    8.177
   10.520   12.192   12.285   13.802   15.545   17.558
            0.595833  0.012028  0.360619
   -8.498   -8.344   -8.335   -8.294   -8.276   -3.929    0.532    2.982    4.335    8.161
   10.517   12.236   12.403   13.720   15.536   17.757
            0.600000  0.000000  0.367423
   -8.500   -8.343   -8.334   -8.295   -8.276   -3.909    0.522    2.949    4.301    8.142
   10.491   12.308   12.520   13.642   15.535   17.938
            0.604167 -0.012028  0.374228
   -8.501   -8.342   -8.332   -8.296   -8.276   -3.891    0.511    2.925    4.269    8.122
   10.445   12.405   12.632   13.569   15.543   18.091
            0.608333 -0.024056  0.381032
   -8.502   -8.341   -8.331   -8.296   -8.275   -3.874    0.499    2.909    4.238    8.101
   10.382   12.521   12.740   13.502   15.563   18.208
            0.612500 -0.036084  0.387836
   -8.504   -8.340   -8.330   -8.297   -8.275   -3.860    0.487    2.903    4.209    8.080
   10.305   12.649   12.841   13.445   15.594   18.284
            0.616667 -0.048113  0.394640
   -8.505   -8.339   -8.330   -8.298   -8.274   -3.848    0.475    2.904    4.182    8.059
   10.218   12.778   12.934   13.403   15.637   18.324
            0.620833 -0.060141  0.401444
   -8.506   -8.338   -8.329   -8.299   -8.274   -3.838    0.464    2.913    4.157    8.039
   10.125   12.890   13.019   13.391   15.693   18.331
            0.625000 -0.072169  0.408248
   -8.507   -8.337   -8.328   -8.299   -8.273   -3.831    0.454    2.930    4.135    8.020
   10.027   12.959   13.095   13.433   15.763   18.309
            0.620833 -0.069763  0.415052
   -8.507   -8.337   -8.328   -8.299   -8.273   -3.831    0.455    2.930    4.132    8.024
   10.028   12.942   13.089   13.452   15.766   18.307
            0.616667 -0.067358  0.421857
   -8.507   -8.337   -8.328   -8.299   -8.273   -3.831    0.455    2.932    4.126    8.036
   10.028   12.895   13.074   13.503   15.777   18.302
            0.612500 -0.064952  0.428661
   -8.507   -8.337   -8.328   -8.299   -8.273   -3.830    0.455    2.933    4.115    8.054
   10.029   12.829   13.055   13.572   15.795   18.292
            0.608333 -0.062546  0.435465
   -8.507   -8.338   -8.328   -8.299   -8.274   -3.829    0.455    2.936    4.101    8.080
   10.030   12.752   13.031   13.651   15.820   18.278
            0.604167 -0.060141  0.442269
   -8.507   -8.338   -8.328   -8.299   -8.274   -3.828    0.455    2.940    4.082    8.114
   10.031   12.668   13.002   13.734   15.852   18.261
            0.600000 -0.057735  0.449073
   -8.507   -8.338   -8.328   -8.299   -8.274   -3.827    0.455    2.944    4.060    8.153
   10.033   12.581   12.969   13.820   15.889   18.240
            0.595833 -0.055329  0.455877
   -8.507   -8.338   -8.327   -8.299   -8.274   -3.825    0.456    2.949    4.035    8.200
   10.034   12.493   12.931   13.907   15.932   18.215
            0.591667 -0.052924  0.462681
   -8.507   -8.339   -8.327   -8.299   -8.274   -3.823    0.456    2.954    4.007    8.252
   10.036   12.402   12.890   13.995   15.979   18.187
            0.587500 -0.050518  0.469486
   -8.506   -8.339   -8.327   -8.299   -8.274   -3.821    0.457    2.961    3.976    8.311
   10.038   12.312   12.845   14.082   16.031   18.155
            0.583333 -0.048113  0.476290
   -8.506   -8.340   -8.327   -8.299   -8.274   -3.819    0.457    2.968    3.944    8.374
   10.041   12.221   12.797   14.169   16.087   18.120
            0.579167 -0.045707  0.483094
   -8.506   -8.340   -8.327   -8.298   -8.274   -3.817    0.457    2.976    3.909    8.443
   10.043   12.130   12.747   14.255   16.147   18.082
            0.575000 -0.043301  0.489898
   -8.506   -8.340   -8.326   -8.298   -8.274   -3.814    0.458    2.985    3.872    8.516
   10.046   12.039   12.695   14.340   16.209   18.041
            0.570833 -0.040896  0.496702
   -8.506   -8.341   -8.326   -8.298   -8.275   -3.812    0.458    2.994    3.835    8.594
   10.048   11.949   12.642   14.424   16.274   17.998
            0.566667 -0.038490  0.503506
   -8.506   -8.341   -8.326   -8.298   -8.275   -3.809    0.458    3.004    3.797    8.675
   10.051   11.859   12.588   14.505   16.341   17.953
            0.562500 -0.036084  0.510310
   -8.506   -8.342   -8.326   -8.298   -8.275   -3.806    0.459    3.015    3.758    8.760
   10.053   11.770   12.533   14.585   16.410   17.906
            0.558333 -0.033679  0.517115
   -8.506   -8.342   -8.326   -8.298   -8.275   -3.803    0.459    3.027    3.719    8.848
   10.056   11.682   12.478   14.662   16.480   17.859
            0.554167 -0.031273  0.523919
   -8.506   -8.342   -8.325   -8.298   -8.275   -3.800    0.459    3.039    3.680    8.938
   10.058   11.595   12.423   14.736   16.551   17.811
            0.550000 -0.028868  0.530723
   -8.506   -8.343   -8.325   -8.297   -8.275   -3.798    0.459    3.051    3.641    9.030
   10.060   11.508   12.370   14.808   16.623   17.763
            0.545833 -0.026462  0.537527
   -8.505   -8.343   -8.325   -8.297   -8.276   -3.795    0.459    3.065    3.603    9.124
   10.062   11.423   12.317   14.875   16.695   17.716
            0.541667 -0.024056  0.544331
   -8.505   -8.343   -8.325   -8.297   -8.276   -3.792    0.459    3.079    3.565    9.218
   10.065   11.339   12.266   14.940   16.766   17.671
            0.537500 -0.021651  0.551135
   -8.505   -8.344   -8.325   -8.297   -8.276   -3.789    0.459    3.093    3.529    9.312
   10.067   11.257   12.217   14.999   16.837   17.627
            0.533333 -0.019245  0.557939
   -8.505   -8.344   -8.324   -8.297   -8.276   -3.787    0.459    3.109    3.494    9.405
   10.070   11.176   12.171   15.055   16.906   17.587
            0.529167 -0.016839  0.564743
   -8.505   -8.344   -8.324   -8.296   -8.276   -3.784    0.458    3.124    3.460    9.495
   10.074   11.098   12.128   15.105   16.974   17.550
            0.525000 -0.014434  0.571548
   -8.505   -8.344   -8.324   -8.296   -8.276   -3.782    0.458    3.140    3.428    9.581
   10.081   11.023   12.088   15.149   17.039   17.517
            0.520833 -0.012028  0.578352
   -8.505   -8.344   -8.324   -8.296   -8.276   -3.780    0.458    3.156    3.398    9.659
   10.090   10.951   12.052   15.188   17.099   17.490
            0.516667 -0.009623  0.585156
   -8.505   -8.344   -8.324   -8.296   -8.276   -3.778    0.457    3.172    3.371    9.725
   10.105   10.885   12.021   15.220   17.153   17.469
            0.512500 -0.007217  0.591960
   -8.505   -8.345   -8.324   -8.296   -8.276   -3.777    0.457    3.188    3.346    9.776
   10.125   10.827   11.996   15.245   17.199   17.455
            0.508333 -0.004811  0.598764
   -8.505   -8.345   -8.324   -8.296   -8.276   -3.776    0.457    3.202    3.326    9.811
   10.149   10.779   11.977   15.263   17.232   17.449
            0.504167 -0.002406  0.605568
   -8.504   -8.345   -8.324   -8.296   -8.276   -3.775    0.457    3.212    3.311    9.829
   10.170   10.747   11.964   15.274   17.252   17.449
            0.500000  0.000000  0.612372
   -8.504   -8.345   -8.324   -8.296   -8.276   -3.775    0.457    3.216    3.306    9.834
   10.179   10.735   11.960   15.277   17.259   17.449
            0.500000  0.009623  0.598764
   -8.504   -8.345   -8.324   -8.296   -8.276   -3.776    0.458    3.190    3.338    9.815
   10.188   10.737   11.975   15.250   17.214   17.444
            0.500000  0.019245  0.585156
   -8.504   -8.345   -8.324   -8.296   -8.277   -3.781    0.462    3.148    3.397    9.767
   10.209   10.743   12.017   15.170   17.120   17.438
            0.500000  0.028868  0.571548
   -8.504   -8.345   -8.325   -8.296   -8.277   -3.790    0.469    3.108    3.465    9.700
   10.223   10.762   12.084   15.044   17.020   17.434
            0.500000  0.038490  0.557939
   -8.503   -8.345   -8.325   -8.295   -8.277   -3.801    0.478    3.075    3.537    9.624
   10.223   10.799   12.172   14.881   16.930   17.430
            0.500000  0.048113  0.544331
   -8.502   -8.346   -8.326   -8.295   -8.277   -3.816    0.488    3.050    3.613    9.541
   10.206   10.854   12.276   14.690   16.852   17.426
            0.500000  0.057735  0.530723
   -8.502   -8.346   -8.327   -8.295   -8.277   -3.832    0.500    3.034    3.692    9.454
   10.177   10.924   12.395   14.481   16.782   17.421
            0.500000  0.067358  0.517115
   -8.501   -8.347   -8.328   -8.294   -8.277   -3.852    0.512    3.029    3.772    9.363
   10.142   11.004   12.524   14.262   16.719   17.414
            0.500000  0.076980  0.503506
   -8.499   -8.347   -8.329   -8.294   -8.277   -3.873    0.523    3.033    3.854    9.269
   10.104   11.091   12.661   14.039   16.661   17.406
            0.500000  0.086603  0.489898
   -8.498   -8.348   -8.330   -8.293   -8.277   -3.896    0.533    3.049    3.937    9.172
   10.068   11.180   12.804   13.818   16.606   17.396
            0.500000  0.096225  0.476290
   -8.497   -8.349   -8.332   -8.292   -8.278   -3.921    0.542    3.077    4.020    9.071
   10.035   11.268   12.947   13.610   16.551   17.385
            0.500000  0.105848  0.462681
   -8.495   -8.349   -8.334   -8.292   -8.278   -3.946    0.549    3.117    4.102    8.967
   10.009   11.352   13.069   13.437   16.496   17.372
            0.500000  0.115470  0.449073
   -8.494   -8.350   -8.335   -8.291   -8.278   -3.973    0.553    3.168    4.183    8.859
    9.989   11.427   13.075   13.401   16.439   17.355
            0.500000  0.125093  0.435465
   -8.492   -8.351   -8.337   -8.290   -8.278   -3.999    0.555    3.231    4.263    8.748
    9.976   11.486   12.952   13.520   16.377   17.211
            0.500000  0.134715  0.421857
   -8.491   -8.351   -8.339   -8.289   -8.278   -4.026    0.555    3.306    4.340    8.632
    9.972   11.523   12.824   13.678   16.305   17.004
            0.500000  0.144338  0.408248
   -8.489   -8.352   -8.341   -8.288   -8.278   -4.052    0.552    3.391    4.415    8.512
    9.975   11.528   12.726   13.846   16.216   16.824
            0.500000  0.153960  0.394640
   -8.487   -8.353   -8.343   -8.287   -8.278   -4.078    0.547    3.486    4.487    8.388
    9.987   11.496   12.670   14.018   16.105   16.682
            0.500000  0.163583  0.381032
   -8.486   -8.353   -8.345   -8.286   -8.278   -4.104    0.541    3.591    4.555    8.259
   10.007   11.430   12.652   14.189   15.974   16.580
            0.500000  0.173205  0.367423
   -8.484   -8.354   -8.347   -8.285   -8.278   -4.128    0.533    3.703    4.620    8.126
   10.035   11.339   12.665   14.355   15.837   16.510
            0.500000  0.182828  0.353815
   -8.483   -8.355   -8.349   -8.284   -8.278   -4.151    0.524    3.824    4.680    7.988
   10.070   11.235   12.694   14.508   15.714   16.463
            0.500000  0.192450  0.340207
   -8.482   -8.356   -8.350   -8.283   -8.278   -4.173    0.515    3.950    4.736    7.847
   10.112   11.128   12.729   14.636   15.626   16.430
            0.500000  0.202073  0.326599
   -8.480   -8.356   -8.352   -8.282   -8.278   -4.193    0.505    4.081    4.787    7.703
   10.159   11.023   12.762   14.722   15.596   16.410
            0.500000  0.211695  0.312990
   -8.479   -8.357   -8.353   -8.281   -8.278   -4.211    0.496    4.215    4.833    7.557
   10.211   10.925   12.786   14.755   15.638   16.399
            0.500000  0.221318  0.299382
   -8.478   -8.357   -8.355   -8.280   -8.278   -4.228    0.487    4.351    4.874    7.411
   10.266   10.836   12.799   14.747   15.741   16.398
            0.500000  0.230940  0.285774
   -8.477   -8.358   -8.356   -8.280   -8.278   -4.242    0.479    4.485    4.910    7.267
   10.322   10.757   12.799   14.723   15.880   16.404
            0.500000  0.240563  0.272166
   -8.477   -8.358   -8.357   -8.279   -8.278   -4.255    0.471    4.616    4.940    7.129
   10.377   10.690   12.786   14.698   16.034   16.417
            0.500000  0.250185  0.258557
   -8.476   -8.358   -8.358   -8.278   -8.278   -4.265    0.465    4.737    4.965    7.000
   10.428   10.634   12.766   14.679   16.188   16.437
            0.500000  0.259808  0.244949
   -8.476   -8.358   -8.358   -8.278   -8.278   -4.273    0.460    4.845    4.984    6.887
   10.472   10.591   12.741   14.667   16.326   16.462
            0.500000  0.269430  0.231341
   -8.475   -8.359   -8.359   -8.278   -8.278   -4.279    0.456    4.932    4.998    6.796
   10.506   10.560   12.719   14.660   16.433   16.487
            0.500000  0.279053  0.217732
   -8.475   -8.359   -8.359   -8.278   -8.278   -4.283    0.454    4.989    5.006    6.737
   10.528   10.542   12.703   14.658   16.496   16.508
            0.500000  0.288675  0.204124
   -8.475   -8.359   -8.359   -8.278   -8.278   -4.284    0.453    5.009    5.009    6.716
   10.536   10.536   12.698   14.657   16.516   16.516
            0.495833  0.286270  0.217324
   -8.475   -8.359   -8.359   -8.278   -8.278   -4.283    0.454    4.994    5.007    6.731
   10.530   10.540   12.702   14.657   16.503   16.510
            0.491667  0.283864  0.230524
   -8.475   -8.359   -8.359   -8.278   -8.278   -4.281    0.455    4.953    5.001    6.774
   10.515   10.553   12.713   14.659   16.462   16.490
            0.487500  0.281458  0.243724
   -8.475   -8.359   -8.358   -8.278   -8.278   -4.276    0.458    4.889    4.991    6.841
   10.490   10.575   12.730   14.663   16.393   16.459
            0.483333  0.279053  0.256924
   -8.476   -8.358   -8.358   -8.278   -8.278   -4.271    0.462    4.807    4.978    6.926
   10.458   10.605   12.750   14.671   16.302   16.419
            0.479167  0.276647  0.270124
   -8.476   -8.358   -8.358   -8.279   -8.278   -4.263    0.466    4.711    4.961    7.026
   10.420   10.643   12.770   14.683   16.195   16.371
            0.475000  0.274241  0.283324
   -8.477   -8.358   -8.357   -8.279   -8.278   -4.254    0.472    4.606    4.941    7.135
   10.378   10.690   12.787   14.700   16.082   16.317
            0.470833  0.271836  0.296524
   -8.477   -8.357   -8.356   -8.280   -8.278   -4.244    0.478    4.495    4.918    7.250
   10.336   10.744   12.796   14.723   15.971   16.259
            0.466667  0.269430  0.309724
   -8.478   -8.357   -8.355   -8.280   -8.278   -4.232    0.485    4.380    4.893    7.367
   10.294   10.806   12.796   14.749   15.869   16.199
            0.462500  0.267024  0.322924
   -8.479   -8.356   -8.354   -8.281   -8.278   -4.218    0.492    4.263    4.864    7.485
   10.256   10.874   12.785   14.772   15.788   16.137
            0.458333  0.264619  0.336124
   -8.480   -8.356   -8.353   -8.281   -8.278   -4.204    0.500    4.146    4.834    7.599
   10.223   10.950   12.763   14.782   15.737   16.075
            0.454167  0.262213  0.349324
   -8.481   -8.355   -8.352   -8.282   -8.278   -4.188    0.508    4.030    4.801    7.708
   10.197   11.031   12.729   14.771   15.728   16.014
            0.450000  0.259808  0.362524
   -8.482   -8.355   -8.351   -8.283   -8.278   -4.170    0.516    3.916    4.767    7.810
   10.181   11.119   12.685   14.732   15.765   15.953
            0.445833  0.257402  0.375725
   -8.483   -8.354   -8.349   -8.284   -8.278   -4.152    0.524    3.804    4.732    7.902
   10.176   11.212   12.632   14.668   15.845   15.894
            0.441667  0.254996  0.388925
   -8.484   -8.353   -8.348   -8.285   -8.278   -4.133    0.531    3.697    4.695    7.983
   10.184   11.310   12.572   14.587   15.838   15.960
            0.437500  0.252591  0.402125
   -8.485   -8.352   -8.347   -8.285   -8.278   -4.113    0.537    3.594    4.658    8.051
   10.204   11.412   12.507   14.496   15.784   16.102
            0.433333  0.250185  0.415325
   -8.487   -8.351   -8.345   -8.286   -8.278   -4.092    0.543    3.496    4.620    8.106
   10.238   11.518   12.441   14.399   15.733   16.263
            0.429167  0.247779  0.428525
   -8.488   -8.351   -8.344   -8.287   -8.278   -4.071    0.548    3.404    4.582    8.146
   10.282   11.628   12.375   14.301   15.686   16.439
            0.425000  0.245374  0.441725
   -8.489   -8.350   -8.343   -8.288   -8.277   -4.049    0.551    3.318    4.544    8.174
   10.334   11.740   12.313   14.202   15.642   16.627
            0.420833  0.242968  0.454925
   -8.491   -8.349   -8.341   -8.289   -8.277   -4.027    0.552    3.239    4.507    8.191
   10.390   11.855   12.260   14.105   15.604   16.824
            0.416667  0.240563  0.468125
   -8.492   -8.348   -8.340   -8.290   -8.277   -4.005    0.552    3.167    4.470    8.197
   10.444   11.971   12.218   14.010   15.570   17.027
            0.412500  0.238157  0.481325
   -8.494   -8.347   -8.338   -8.291   -8.277   -3.984    0.549    3.104    4.433    8.196
   10.490   12.088   12.194   13.918   15.542   17.233
            0.408333  0.235751  0.494525
   -8.495   -8.346   -8.337   -8.292   -8.277   -3.962    0.545    3.048    4.397    8.188
   10.523   12.193   12.204   13.829   15.521   17.439
            0.404167  0.233346  0.507725
   -8.497   -8.345   -8.336   -8.293   -8.277   -3.942    0.538    3.001    4.363    8.175
   10.537   12.217   12.320   13.744   15.506   17.641
            0.400000  0.230940  0.520925
   -8.498   -8.344   -8.334   -8.294   -8.276   -3.922    0.530    2.963    4.329    8.159
   10.529   12.269   12.433   13.662   15.499   17.831
            0.395833  0.228534  0.534125
   -8.500   -8.343   -8.333   -8.295   -8.276   -3.904    0.520    2.933    4.297    8.140
   10.501   12.347   12.543   13.584   15.501   18.002
            0.391667  0.226129  0.547325
   -8.501   -8.342   -8.332   -8.296   -8.276   -3.887    0.509    2.912    4.267    8.121
   10.453   12.446   12.649   13.512   15.513   18.143
            0.387500  0.223723  0.560525
   -8.503   -8.341   -8.331   -8.296   -8.275   -3.871    0.498    2.900    4.238    8.100
   10.391   12.562   12.750   13.447   15.535   18.248
            0.383333  0.221318  0.573725
   -8.504   -8.340   -8.330   -8.297   -8.275   -3.858    0.486    2.895    4.210    8.080
   10.317   12.686   12.844   13.392   15.569   18.313
            0.379167  0.218912  0.586925
   -8.505   -8.339   -8.330   -8.298   -8.274   -3.847    0.475    2.898    4.185    8.061
   10.234   12.806   12.930   13.356   15.615   18.344
            0.375000  0.216506  0.600125
   -8.506   -8.338   -8.329   -8.298   -8.274   -3.838    0.465    2.908    4.161    8.042
   10.145   12.901   13.008   13.357   15.674   18.343
            0.379167  0.199667  0.593729
   -8.505   -8.339   -8.329   -8.298   -8.274   -3.844    0.473    2.894    4.175    8.074
   10.235   12.764   12.972   13.351   15.616   18.362
            0.383333  0.182828  0.587333
   -8.504   -8.340   -8.330   -8.297   -8.275   -3.849    0.482    2.886    4.172    8.136
   10.320   12.535   12.935   13.419   15.589   18.366
            0.387500  0.165988  0.580937
   -8.503   -8.341   -8.330   -8.296   -8.276   -3.853    0.491    2.882    4.154    8.226
   10.399   12.287   12.877   13.514   15.590   18.359
            0.391667  0.149149  0.574541
   -8.502   -8.342   -8.330   -8.296   -8.276   -3.857    0.500    2.884    4.123    8.341
   10.467   12.034   12.808   13.620   15.616   18.343
            0.395833  0.132309  0.568146
   -8.501   -8.344   -8.330   -8.295   -8.276   -3.860    0.509    2.890    4.083    8.478
   10.522   11.782   12.738   13.730   15.665   18.321
            0.400000  0.115470  0.561750
   -8.500   -8.345   -8.329   -8.294   -8.277   -3.863    0.517    2.902    4.035    8.633
   10.557   11.535   12.675   13.840   15.730   18.294
            0.404167  0.098631  0.555354
   -8.500   -8.346   -8.329   -8.294   -8.277   -3.864    0.524    2.918    3.982    8.801
   10.568   11.295   12.629   13.950   15.809   18.263
            0.408333  0.081791  0.548958
   -8.500   -8.346   -8.329   -8.294   -8.278   -3.865    0.531    2.940    3.927    8.976
   10.548   11.073   12.605   14.058   15.899   18.228
            0.412500  0.064952  0.542562
   -8.500   -8.347   -8.329   -8.294   -8.277   -3.866    0.535    2.966    3.873    9.149
   10.484   10.886   12.608   14.163   15.996   18.191
            0.416667  0.048113  0.536166
   -8.500   -8.347   -8.328   -8.294   -8.277   -3.865    0.538    2.996    3.820    9.308
   10.356   10.768   12.638   14.264   16.098   18.149
            0.420833  0.031273  0.529770
   -8.500   -8.347   -8.328   -8.295   -8.277   -3.864    0.539    3.031    3.771    9.434
   10.175   10.729   12.691   14.360   16.204   18.102
            0.425000  0.014434  0.523374
   -8.501   -8.346   -8.327   -8.295   -8.276   -3.863    0.538    3.069    3.728    9.505
    9.970   10.765   12.766   14.452   16.311   18.050
            0.429167 -0.002406  0.516978
   -8.502   -8.345   -8.327   -8.296   -8.276   -3.861    0.534    3.111    3.690    9.508
    9.761   10.875   12.857   14.538   16.418   17.993
            0.433333 -0.019245  0.510583
   -8.503   -8.344   -8.326   -8.297   -8.275   -3.858    0.528    3.156    3.658    9.448
    9.558   11.046   12.961   14.618   16.523   17.931
            0.437500 -0.036084  0.504187
   -8.505   -8.342   -8.326   -8.299   -8.274   -3.855    0.519    3.205    3.635    9.318
    9.390   11.261   13.074   14.692   16.625   17.866
            0.441667 -0.052924  0.497791
   -8.507   -8.340   -8.325   -8.300   -8.273   -3.852    0.509    3.255    3.618    9.131
    9.260   11.504   13.194   14.759   16.724   17.801
            0.445833 -0.069763  0.491395
   -8.508   -8.339   -8.325   -8.301   -8.272   -3.848    0.496    3.307    3.609    8.941
    9.127   11.765   13.319   14.819   16.818   17.736
            0.450000 -0.086603  0.484999
   -8.510   -8.337   -8.325   -8.302   -8.271   -3.845    0.481    3.360    3.607    8.758
    8.990   12.039   13.447   14.872   16.906   17.675
            0.454167 -0.103442  0.478603
   -8.512   -8.334   -8.324   -8.303   -8.271   -3.841    0.465    3.414    3.611    8.584
    8.853   12.319   13.576   14.916   16.988   17.620
            0.458333 -0.120281  0.472207
   -8.514   -8.332   -8.324   -8.305   -8.270   -3.837    0.448    3.468    3.621    8.419
    8.718   12.604   13.705   14.952   17.062   17.573
            0.462500 -0.137121  0.465811
   -8.516   -8.330   -8.323   -8.306   -8.269   -3.833    0.431    3.520    3.637    8.266
    8.587   12.889   13.833   14.978   17.127   17.535
            0.466667 -0.153960  0.459415
   -8.517   -8.328   -8.323   -8.307   -8.268   -3.829    0.413    3.570    3.656    8.124
    8.464   13.172   13.959   14.995   17.183   17.509
            0.470833 -0.170799  0.453020
   -8.519   -8.326   -8.322   -8.308   -8.268   -3.826    0.397    3.618    3.678    7.996
    8.350   13.449   14.082   15.000   17.228   17.496
            0.475000 -0.187639  0.446624
   -8.521   -8.325   -8.322   -8.309   -8.267   -3.822    0.381    3.661    3.701    7.882
    8.247   13.714   14.201   14.995   17.263   17.493
            0.479167 -0.204478  0.440228
   -8.522   -8.323   -8.321   -8.310   -8.267   -3.819    0.367    3.700    3.724    7.783
    8.156   13.963   14.317   14.979   17.294   17.497
            0.483333 -0.221318  0.433832
   -8.523   -8.322   -8.321   -8.311   -8.266   -3.817    0.356    3.732    3.746    7.701
    8.079   14.185   14.430   14.951   17.325   17.505
            0.487500 -0.238157  0.427436
   -8.524   -8.321   -8.320   -8.312   -8.266   -3.815    0.346    3.758    3.765    7.636
    8.018   14.373   14.540   14.912   17.358   17.517
            0.491667 -0.254996  0.421040
   -8.524   -8.320   -8.320   -8.312   -8.266   -3.814    0.339    3.777    3.779    7.588
    7.973   14.519   14.640   14.861   17.390   17.539
            0.495833 -0.271836  0.414644
   -8.525   -8.320   -8.319   -8.313   -8.265   -3.813    0.334    3.788    3.789    7.560
    7.946   14.631   14.714   14.800   17.412   17.575
            0.500000 -0.288675  0.408248
   -8.524   -8.319   -8.319   -8.313   -8.265   -3.812    0.333    3.792    3.792    7.550
    7.937   14.704   14.742   14.742   17.418   17.599
