    2.0116   -9.4990
    2.0571   -9.4980

    2.0116   -9.4980
    2.0571   -9.4980

    2.0116   -9.4980
    2.0571   -9.4980

    2.0116   -9.4310
    2.0571   -9.4310

    2.0116   -9.4310
    2.0571   -9.4310

    2.0116   -6.8890
    2.0571   -6.9220

    2.0116   -5.0970
    2.0571   -5.0460

    2.0116   -5.0250
    2.0571   -5.0130

    2.0116   -5.0210
    2.0571   -5.0110

    2.0116   -1.1510
    2.0571   -1.2040

    2.0116   -0.4170
    2.0571   -0.4530

    2.0116   -0.3600
    2.0571   -0.4280

    2.0116    2.4320
    2.0571    2.5600

    2.0116    2.4520
    2.0571    2.5730

    2.0116    2.6050
    2.0571    2.6450

    2.0116    2.7050
    2.0571    2.6930

    2.0116    2.7090
    2.0571    2.6960

    2.0116    2.7460
    2.0571    2.7130

    2.0116    4.0800
    2.0571    4.4430

    2.0116    4.7440
    2.0571    4.8090

    2.0116    4.7950
    2.0571    4.8340

    2.0116    6.3690
    2.0571    6.2320

    2.0116    6.5950
    2.0571    6.4910

    2.0116    6.6480
    2.0571    6.5210

    2.0116    6.7530
    2.0571    6.5510

    2.0116    7.1410
    2.0571    6.9410

    2.0116    7.4720
    2.0571    7.3260

    2.0116    7.5430
    2.0571    7.3590

    2.0116    8.8900
    2.0571    8.9160

    2.0116    9.1370
    2.0571    9.0270

    2.0116    9.1380
    2.0571    9.0330

    2.0116   13.4930
    2.0571   13.3870

    2.0116   13.5960
    2.0571   13.7790

    2.0116   13.8780
    2.0571   13.9650

    2.0116   14.0410
    2.0571   14.4430

    2.0116   14.0730
    2.0571   14.4540

    2.0116   14.1780
    2.0571   14.5710

    2.0116   14.3580
    2.0571   14.6170

    2.0116   14.4410
    2.0571   14.6580

    2.0116   14.5290
    2.0571   14.7360

    2.0116   15.4140
    2.0571   15.6050

    2.0116   15.4770
    2.0571   15.6790

    2.0116   15.5450
    2.0571   15.7290

    2.0116   16.0930
    2.0571   16.1780

    2.0116   16.5510
    2.0571   16.3960

    2.0116   16.6770
    2.0571   16.5200

    2.0116   16.7290
    2.0571   16.8580

    2.0116   17.0930
    2.0571   17.1120

    2.0116   17.3300
    2.0571   17.2730

    2.0116   17.4610
    2.0571   17.4650

    2.0116   17.6220
    2.0571   17.6530

    2.0116   17.7370
    2.0571   17.7490

    2.0116   17.9140
    2.0571   17.8890

    2.0116   18.4790
    2.0571   18.2620

    2.0116   18.5780
    2.0571   18.3030

    2.0116   18.7920
    2.0571   18.5280

    2.0116   18.7930
    2.0571   18.5290

    2.0116   19.1460
    2.0571   18.7620

    2.0116   19.4650
    2.0571   18.9530

    2.0116   19.9030
    2.0571   19.4260

    2.0116   19.9790
    2.0571   19.4900

    2.0116   20.0280
    2.0571   19.7050

    2.0116   21.8930
    2.0571   22.5930

    2.0116   22.1410
    2.0571   22.7400

