    1.5108   -8.8740
    1.5564   -8.8730

    1.5108   -8.8560
    1.5564   -8.8570

    1.5108   -8.8500
    1.5564   -8.8510

    1.5108   -8.8350
    1.5564   -8.8330

    1.5108   -8.7930
    1.5564   -8.7930

    1.5108   -8.7920
    1.5564   -8.7910

    1.5108   -8.7890
    1.5564   -8.7890

    1.5108   -8.7890
    1.5564   -8.7880

    1.5108   -8.7830
    1.5564   -8.7820

    1.5108   -8.7480
    1.5564   -8.7480

    1.5108   -8.7460
    1.5564   -8.7470

    1.5108   -8.7440
    1.5564   -8.7440

    1.5108   -8.7430
    1.5564   -8.7430

    1.5108   -8.7400
    1.5564   -8.7400

    1.5108   -8.7390
    1.5564   -8.7390

    1.5108   -5.3990
    1.5564   -5.4430

    1.5108   -5.2530
    1.5564   -5.2890

    1.5108   -4.7070
    1.5564   -4.6660

    1.5108   -4.6260
    1.5564   -4.5920

    1.5108   -0.4670
    1.5564   -0.4630

    1.5108   -0.2090
    1.5564   -0.1830

    1.5108    0.4520
    1.5564    0.5820

    1.5108    0.8850
    1.5564    1.0170

    1.5108    2.8280
    1.5564    2.6990

    1.5108    2.9130
    1.5564    2.7850

    1.5108    4.0190
    1.5564    3.9370

    1.5108    4.0580
    1.5564    3.9560

    1.5108    4.0850
    1.5564    4.0310

    1.5108    4.2890
    1.5564    4.2550

    1.5108    4.4040
    1.5564    4.3700

    1.5108    4.5310
    1.5564    4.5070

    1.5108    7.7650
    1.5564    7.8720

    1.5108    8.0200
    1.5564    8.1150

    1.5108    8.5210
    1.5564    8.6580

    1.5108    8.9790
    1.5564    9.0880

    1.5108    9.8610
    1.5564    9.8200

    1.5108    9.8800
    1.5564    9.9010

    1.5108    9.9650
    1.5564    9.9600

    1.5108   10.0340
    1.5564    9.9920

    1.5108   11.0810
    1.5564   11.1770

    1.5108   11.2850
    1.5564   11.4030

    1.5108   11.8110
    1.5564   11.6960

    1.5108   11.8810
    1.5564   11.8770

    1.5108   11.9850
    1.5564   11.9740

    1.5108   12.1150
    1.5564   12.0710

    1.5108   13.2600
    1.5564   13.1890

    1.5108   13.2650
    1.5564   13.2460

    1.5108   14.2400
    1.5564   14.0410

    1.5108   14.3490
    1.5564   14.1670

    1.5108   14.8220
    1.5564   14.7490

    1.5108   15.0530
    1.5564   15.0110

    1.5108   15.6040
    1.5564   15.6700

    1.5108   16.0100
    1.5564   16.0850

    1.5108   16.2180
    1.5564   16.1850

    1.5108   16.9310
    1.5564   16.9090

    1.5108   16.9360
    1.5564   17.0500

    1.5108   17.2100
    1.5564   17.4340

    1.5108   17.6490
    1.5564   17.8310

    1.5108   17.7310
    1.5564   17.8320

    1.5108   18.0820
    1.5564   18.1010

    1.5108   18.1980
    1.5564   18.2380

    1.5108   18.8840
    1.5564   18.8470

    1.5108   18.9400
    1.5564   18.9340

    1.5108   20.1560
    1.5564   20.3300

