    1.8295   -8.8740
    1.8750   -8.8740

    1.8295   -8.8680
    1.8750   -8.8700

    1.8295   -8.8650
    1.8750   -8.8670

    1.8295   -8.8130
    1.8750   -8.8090

    1.8295   -8.7940
    1.8750   -8.7950

    1.8295   -8.7940
    1.8750   -8.7950

    1.8295   -8.7780
    1.8750   -8.7760

    1.8295   -8.7780
    1.8750   -8.7760

    1.8295   -8.7730
    1.8750   -8.7720

    1.8295   -8.7570
    1.8750   -8.7580

    1.8295   -8.7520
    1.8750   -8.7530

    1.8295   -8.7500
    1.8750   -8.7510

    1.8295   -8.7400
    1.8750   -8.7390

    1.8295   -8.7370
    1.8750   -8.7370

    1.8295   -8.7350
    1.8750   -8.7340

    1.8295   -6.1490
    1.8750   -6.2380

    1.8295   -4.7970
    1.8750   -4.6950

    1.8295   -4.4420
    1.8750   -4.4110

    1.8295   -4.4120
    1.8750   -4.3880

    1.8295   -0.5350
    1.8750   -0.5850

    1.8295   -0.2790
    1.8750   -0.3660

    1.8295    0.3860
    1.8750    0.2860

    1.8295    2.5350
    1.8750    2.6400

    1.8295    2.5670
    1.8750    2.6700

    1.8295    3.0200
    1.8750    3.1300

    1.8295    3.1610
    1.8750    3.4200

    1.8295    3.4670
    1.8750    3.4230

    1.8295    3.4740
    1.8750    3.4530

    1.8295    3.6600
    1.8750    3.5680

    1.8295    5.1320
    1.8750    5.2560

    1.8295    5.2480
    1.8750    5.3740

    1.8295    7.6090
    1.8750    7.4980

    1.8295    7.7500
    1.8750    7.6310

    1.8295    7.8830
    1.8750    7.7310

    1.8295    8.1600
    1.8750    7.9980

    1.8295    8.8360
    1.8750    8.5290

    1.8295    9.4330
    1.8750    8.9680

    1.8295    9.4990
    1.8750    9.2700

    1.8295    9.7320
    1.8750    9.5110

    1.8295   10.4400
    1.8750   10.2560

    1.8295   10.7160
    1.8750   10.4280

    1.8295   12.6100
    1.8750   13.1570

    1.8295   12.7870
    1.8750   13.3170

    1.8295   12.8630
    1.8750   13.3770

    1.8295   13.5940
    1.8750   13.9960

    1.8295   13.7950
    1.8750   14.0090

    1.8295   14.1070
    1.8750   14.3800

    1.8295   14.1850
    1.8750   14.4400

    1.8295   15.0430
    1.8750   14.7860

    1.8295   15.1450
    1.8750   15.1700

    1.8295   15.3360
    1.8750   15.5670

    1.8295   15.5790
    1.8750   15.8080

    1.8295   15.9320
    1.8750   16.0180

    1.8295   16.8480
    1.8750   16.7930

    1.8295   17.3770
    1.8750   17.4460

    1.8295   17.7290
    1.8750   17.7560

    1.8295   18.1950
    1.8750   18.2770

    1.8295   18.2100
    1.8750   18.3310

    1.8295   18.3610
    1.8750   18.3960

    1.8295   18.4760
    1.8750   18.4700

    1.8295   19.0840
    1.8750   18.7880

    1.8295   19.7010
    1.8750   19.4540

    1.8295   19.7120
    1.8750   19.5740

    1.8295   20.1000
    1.8750   19.9810

