    2.0571   -8.8760
    2.1026   -8.8760

    2.0571   -8.8750
    2.1026   -8.8760

    2.0571   -8.8750
    2.1026   -8.8760

    2.0571   -8.7980
    2.1026   -8.7970

    2.0571   -8.7960
    2.1026   -8.7960

    2.0571   -8.7960
    2.1026   -8.7960

    2.0571   -8.7700
    2.1026   -8.7690

    2.0571   -8.7700
    2.1026   -8.7690

    2.0571   -8.7690
    2.1026   -8.7690

    2.0571   -8.7620
    2.1026   -8.7620

    2.0571   -8.7540
    2.1026   -8.7550

    2.0571   -8.7540
    2.1026   -8.7540

    2.0571   -8.7370
    2.1026   -8.7360

    2.0571   -8.7360
    2.1026   -8.7360

    2.0571   -8.7320
    2.1026   -8.7320

    2.0571   -6.4660
    2.1026   -6.4880

    2.0571   -4.3630
    2.1026   -4.3240

    2.0571   -4.3230
    2.1026   -4.3130

    2.0571   -4.3200
    2.1026   -4.3130

    2.0571   -0.7770
    2.1026   -0.8010

    2.0571   -0.7420
    2.1026   -0.7920

    2.0571   -0.0230
    2.1026   -0.0560

    2.0571    3.1860
    2.1026    3.2720

    2.0571    3.1960
    2.1026    3.2770

    2.0571    3.2700
    2.1026    3.2960

    2.0571    3.3150
    2.1026    3.3060

    2.0571    3.3200
    2.1026    3.3110

    2.0571    3.3360
    2.1026    3.3140

    2.0571    5.1150
    2.1026    5.5000

    2.0571    5.6650
    2.1026    5.7140

    2.0571    5.6910
    2.1026    5.7210

    2.0571    6.7160
    2.1026    6.4070

    2.0571    7.2790
    2.1026    7.2720

    2.0571    7.3360
    2.1026    7.2990

    2.0571    7.4070
    2.1026    7.3210

    2.0571    7.5240
    2.1026    7.3820

    2.0571    7.5490
    2.1026    7.3870

    2.0571    8.2210
    2.1026    8.1280

    2.0571    9.5130
    2.1026    9.5320

    2.0571    9.6340
    2.1026    9.5630

    2.0571    9.6390
    2.1026    9.5650

    2.0571   13.6570
    2.1026   13.5250

    2.0571   15.1580
    2.1026   15.4090

    2.0571   15.1650
    2.1026   15.4430

    2.0571   15.2600
    2.1026   15.4900

    2.0571   15.2790
    2.1026   15.4910

    2.0571   15.3160
    2.1026   15.5100

    2.0571   15.4150
    2.1026   15.5860

    2.0571   15.4330
    2.1026   15.5870

    2.0571   15.5350
    2.1026   15.6160

    2.0571   16.2620
    2.1026   16.3200

    2.0571   16.3490
    2.1026   16.3530

    2.0571   16.3800
    2.1026   16.5820

    2.0571   17.1170
    2.1026   17.1620

    2.0571   17.3450
    2.1026   17.2120

    2.0571   17.4790
    2.1026   17.2630

    2.0571   18.2130
    2.1026   18.3120

    2.0571   18.2320
    2.1026   18.3190

    2.0571   18.4190
    2.1026   18.3910

    2.0571   18.6430
    2.1026   18.7810

    2.0571   18.6800
    2.1026   18.8130

    2.0571   18.8190
    2.1026   18.9740

    2.0571   19.2090
    2.1026   18.9780

    2.0571   19.2360
    2.1026   19.1450

