    2.1026   -8.8760
    2.1481   -8.8760

    2.1026   -8.8760
    2.1481   -8.8760

    2.1026   -8.8760
    2.1481   -8.8760

    2.1026   -8.7970
    2.1481   -8.7960

    2.1026   -8.7960
    2.1481   -8.7960

    2.1026   -8.7960
    2.1481   -8.7960

    2.1026   -8.7690
    2.1481   -8.7690

    2.1026   -8.7690
    2.1481   -8.7690

    2.1026   -8.7690
    2.1481   -8.7690

    2.1026   -8.7620
    2.1481   -8.7620

    2.1026   -8.7550
    2.1481   -8.7550

    2.1026   -8.7540
    2.1481   -8.7550

    2.1026   -8.7360
    2.1481   -8.7360

    2.1026   -8.7360
    2.1481   -8.7360

    2.1026   -8.7320
    2.1481   -8.7320

    2.1026   -6.4880
    2.1481   -6.4950

    2.1026   -4.3240
    2.1481   -4.3100

    2.1026   -4.3130
    2.1481   -4.3100

    2.1026   -4.3130
    2.1481   -4.3100

    2.1026   -0.8010
    2.1481   -0.8090

    2.1026   -0.7920
    2.1481   -0.8090

    2.1026   -0.0560
    2.1481   -0.0670

    2.1026    3.2720
    2.1481    3.3020

    2.1026    3.2770
    2.1481    3.3020

    2.1026    3.2960
    2.1481    3.3020

    2.1026    3.3060
    2.1481    3.3090

    2.1026    3.3110
    2.1481    3.3090

    2.1026    3.3140
    2.1481    3.3090

    2.1026    5.5000
    2.1481    5.7330

    2.1026    5.7140
    2.1481    5.7330

    2.1026    5.7210
    2.1481    5.7330

    2.1026    6.4070
    2.1481    6.2010

    2.1026    7.2720
    2.1481    7.2900

    2.1026    7.2990
    2.1481    7.2900

    2.1026    7.3210
    2.1481    7.2900

    2.1026    7.3820
    2.1481    7.3220

    2.1026    7.3870
    2.1481    7.3220

    2.1026    8.1280
    2.1481    8.0970

    2.1026    9.5320
    2.1481    9.5400

    2.1026    9.5630
    2.1481    9.5400

    2.1026    9.5650
    2.1481    9.5400

    2.1026   13.5250
    2.1481   13.4790

    2.1026   15.4090
    2.1481   15.5440

    2.1026   15.4430
    2.1481   15.5440

    2.1026   15.4900
    2.1481   15.5650

    2.1026   15.4910
    2.1481   15.5650

    2.1026   15.5100
    2.1481   15.5650

    2.1026   15.5860
    2.1481   15.6490

    2.1026   15.5870
    2.1481   15.6490

    2.1026   15.6160
    2.1481   15.6490

    2.1026   16.3200
    2.1481   16.3490

    2.1026   16.3530
    2.1481   16.3490

    2.1026   16.5820
    2.1481   16.6920

    2.1026   17.1620
    2.1481   17.1640

    2.1026   17.2120
    2.1481   17.1640

    2.1026   17.2630
    2.1481   17.1640

    2.1026   18.3120
    2.1481   18.3810

    2.1026   18.3190
    2.1481   18.3810

    2.1026   18.3910
    2.1481   18.3810

    2.1026   18.7810
    2.1481   18.8630

    2.1026   18.8130
    2.1481   18.8630

    2.1026   18.9740
    2.1481   18.8630

    2.1026   18.9780
    2.1481   19.1150

    2.1026   19.1450
    2.1481   19.1150

