    1.9205   -8.8750
    1.9660   -8.8750

    1.9205   -8.8710
    1.9660   -8.8730

    1.9205   -8.8700
    1.9660   -8.8720

    1.9205   -8.8050
    1.9660   -8.8020

    1.9205   -8.7950
    1.9660   -8.7960

    1.9205   -8.7950
    1.9660   -8.7960

    1.9205   -8.7740
    1.9660   -8.7720

    1.9205   -8.7740
    1.9660   -8.7720

    1.9205   -8.7710
    1.9660   -8.7700

    1.9205   -8.7590
    1.9660   -8.7600

    1.9205   -8.7530
    1.9660   -8.7540

    1.9205   -8.7520
    1.9660   -8.7530

    1.9205   -8.7380
    1.9660   -8.7380

    1.9205   -8.7370
    1.9660   -8.7370

    1.9205   -8.7340
    1.9660   -8.7330

    1.9205   -6.3150
    1.9660   -6.3790

    1.9205   -4.5960
    1.9660   -4.5050

    1.9205   -4.3830
    1.9660   -4.3580

    1.9205   -4.3660
    1.9660   -4.3470

    1.9205   -0.6390
    1.9660   -0.6930

    1.9205   -0.4670
    1.9660   -0.5700

    1.9205    0.1890
    1.9660    0.1020

    1.9205    2.7710
    1.9660    2.9170

    1.9205    2.7980
    1.9660    2.9390

    1.9205    3.1540
    1.9660    3.1910

    1.9205    3.3820
    1.9660    3.3530

    1.9205    3.3880
    1.9660    3.3580

    1.9205    3.4900
    1.9660    3.4240

    1.9205    3.8620
    1.9660    4.2800

    1.9205    5.3770
    1.9660    5.4900

    1.9205    5.4830
    1.9660    5.5720

    1.9205    7.3760
    1.9660    7.2170

    1.9205    7.5050
    1.9660    7.3930

    1.9205    7.5990
    1.9660    7.4870

    1.9205    7.8370
    1.9660    7.6770

    1.9205    8.2370
    1.9660    7.9640

    1.9205    8.5330
    1.9660    8.1410

    1.9205    8.9170
    1.9660    8.6140

    1.9205    9.4780
    1.9660    9.4750

    1.9205   10.0730
    1.9660    9.9020

    1.9205   10.1600
    1.9660    9.9320

    1.9205   13.7090
    1.9660   14.1020

    1.9205   13.8480
    1.9660   14.2470

    1.9205   13.8980
    1.9660   14.3930

    1.9205   14.2480
    1.9660   14.4190

    1.9205   14.3920
    1.9660   14.5950

    1.9205   14.4870
    1.9660   14.7600

    1.9205   14.6520
    1.9660   14.9180

    1.9205   14.7320
    1.9660   14.9880

    1.9205   15.2260
    1.9660   15.3140

    1.9205   15.7900
    1.9660   15.9910

    1.9205   16.0210
    1.9660   16.1520

    1.9205   16.0890
    1.9660   16.1880

    1.9205   16.8280
    1.9660   16.9120

    1.9205   17.5330
    1.9660   17.6180

    1.9205   17.7610
    1.9660   17.6890

    1.9205   18.2570
    1.9660   18.1770

    1.9205   18.4060
    1.9660   18.3750

    1.9205   18.4480
    1.9660   18.4750

    1.9205   18.4510
    1.9660   18.4800

    1.9205   18.5950
    1.9660   18.6100

    1.9205   19.0290
    1.9660   18.6610

    1.9205   19.4810
    1.9660   19.3960

    1.9205   19.8470
    1.9660   19.6510

