    1.7840   -8.8740
    1.8295   -8.8740

    1.7840   -8.8660
    1.8295   -8.8680

    1.7840   -8.8620
    1.8295   -8.8650

    1.7840   -8.8170
    1.8295   -8.8130

    1.7840   -8.7940
    1.8295   -8.7940

    1.7840   -8.7940
    1.8295   -8.7940

    1.7840   -8.7810
    1.8295   -8.7780

    1.7840   -8.7800
    1.8295   -8.7780

    1.7840   -8.7750
    1.8295   -8.7730

    1.7840   -8.7550
    1.8295   -8.7570

    1.7840   -8.7510
    1.8295   -8.7520

    1.7840   -8.7490
    1.8295   -8.7500

    1.7840   -8.7400
    1.8295   -8.7400

    1.7840   -8.7380
    1.8295   -8.7370

    1.7840   -8.7360
    1.8295   -8.7350

    1.7840   -6.0480
    1.8295   -6.1490

    1.7840   -4.8980
    1.8295   -4.7970

    1.7840   -4.4760
    1.8295   -4.4420

    1.7840   -4.4390
    1.8295   -4.4120

    1.7840   -0.4940
    1.8295   -0.5350

    1.7840   -0.2110
    1.8295   -0.2790

    1.7840    0.4790
    1.8295    0.3860

    1.7840    2.4650
    1.8295    2.5350

    1.7840    2.4800
    1.8295    2.5670

    1.7840    2.6600
    1.8295    3.0200

    1.7840    3.1860
    1.8295    3.1610

    1.7840    3.5240
    1.8295    3.4670

    1.7840    3.5310
    1.8295    3.4740

    1.7840    3.7620
    1.8295    3.6600

    1.7840    5.0070
    1.8295    5.1320

    1.7840    5.1060
    1.8295    5.2480

    1.7840    7.7100
    1.8295    7.6090

    1.7840    7.8600
    1.8295    7.7500

    1.7840    8.0470
    1.8295    7.8830

    1.7840    8.3290
    1.8295    8.1600

    1.7840    9.1510
    1.8295    8.8360

    1.7840    9.5680
    1.8295    9.4330

    1.7840    9.9100
    1.8295    9.4990

    1.7840   10.1480
    1.8295    9.7320

    1.7840   10.6140
    1.8295   10.4400

    1.7840   10.9960
    1.8295   10.7160

    1.7840   12.0870
    1.8295   12.6100

    1.7840   12.2860
    1.8295   12.7870

    1.7840   12.3730
    1.8295   12.8630

    1.7840   13.1900
    1.8295   13.5940

    1.7840   13.6080
    1.8295   13.7950

    1.7840   13.8390
    1.8295   14.1070

    1.7840   13.9680
    1.8295   14.1850

    1.7840   15.0460
    1.8295   15.0430

    1.7840   15.1110
    1.8295   15.1450

    1.7840   15.2830
    1.8295   15.3360

    1.7840   15.3860
    1.8295   15.5790

    1.7840   15.8260
    1.8295   15.9320

    1.7840   17.0110
    1.8295   16.8480

    1.7840   17.3320
    1.8295   17.3770

    1.7840   17.7000
    1.8295   17.7290

    1.7840   18.0120
    1.8295   18.1950

    1.7840   18.0390
    1.8295   18.2100

    1.7840   18.3390
    1.8295   18.3610

    1.7840   18.4590
    1.8295   18.4760

    1.7840   19.3520
    1.8295   19.0840

    1.7840   19.4660
    1.8295   19.7010

    1.7840   19.7760
    1.8295   19.7120

    1.7840   19.7760
    1.8295   20.1000

