    1.8295   -9.5000
    1.8750   -9.4990

    1.8295   -9.4990
    1.8750   -9.4990

    1.8295   -9.4990
    1.8750   -9.4990

    1.8295   -9.4300
    1.8750   -9.4300

    1.8295   -9.4300
    1.8750   -9.4300

    1.8295   -6.6310
    1.8750   -6.7130

    1.8295   -5.4120
    1.8750   -5.3250

    1.8295   -5.1110
    1.8750   -5.0850

    1.8295   -5.0910
    1.8750   -5.0700

    1.8295   -0.8770
    1.8750   -0.9410

    1.8295   -0.2290
    1.8750   -0.2700

    1.8295    0.0600
    1.8750   -0.0520

    1.8295    1.8880
    1.8750    1.9980

    1.8295    1.9350
    1.8750    2.0360

    1.8295    2.4620
    1.8750    2.4960

    1.8295    2.5500
    1.8750    2.7830

    1.8295    2.8260
    1.8750    2.7890

    1.8295    2.8310
    1.8750    2.9020

    1.8295    3.0110
    1.8750    2.9270

    1.8295    4.3480
    1.8750    4.4570

    1.8295    4.4750
    1.8750    4.5800

    1.8295    6.8570
    1.8750    6.7230

    1.8295    7.1870
    1.8750    7.0200

    1.8295    7.3040
    1.8750    7.1230

    1.8295    7.5060
    1.8750    7.3950

    1.8295    8.1650
    1.8750    7.8670

    1.8295    8.7910
    1.8750    8.3760

    1.8295    8.9360
    1.8750    8.5300

    1.8295    8.9620
    1.8750    8.8840

    1.8295    9.7550
    1.8750    9.5910

    1.8295   10.0480
    1.8750    9.7740

    1.8295   11.8700
    1.8750   12.4210

    1.8295   11.9640
    1.8750   12.5060

    1.8295   12.1200
    1.8750   12.6400

    1.8295   12.5940
    1.8750   12.7690

    1.8295   12.7330
    1.8750   13.1390

    1.8295   13.3230
    1.8750   13.6080

    1.8295   13.4380
    1.8750   13.7180

    1.8295   13.7940
    1.8750   13.8120

    1.8295   14.3950
    1.8750   14.3910

    1.8295   14.4830
    1.8750   14.6520

    1.8295   14.6150
    1.8750   14.7800

    1.8295   15.1410
    1.8750   15.2520

    1.8295   15.9870
    1.8750   15.8940

    1.8295   16.1210
    1.8750   16.2020

    1.8295   16.5840
    1.8750   16.6270

    1.8295   16.9840
    1.8750   17.0930

    1.8295   17.3380
    1.8750   17.4120

    1.8295   17.5330
    1.8750   17.5010

    1.8295   17.5470
    1.8750   17.5320

    1.8295   17.8220
    1.8750   17.6150

    1.8295   18.2870
    1.8750   18.1270

    1.8295   18.8050
    1.8750   18.3670

    1.8295   18.9610
    1.8750   18.9390

    1.8295   19.0100
    1.8750   19.1190

    1.8295   19.4250
    1.8750   19.7380

    1.8295   19.7280
    1.8750   19.9220

    1.8295   20.0370
    1.8750   19.9340

    1.8295   20.3110
    1.8750   20.1750

    1.8295   20.3950
    1.8750   20.4280

    1.8295   21.0240
    1.8750   20.7700

    1.8295   21.3020
    1.8750   21.1700

    1.8295   21.9700
    1.8750   21.4430

    1.8295   22.1470
    1.8750   21.7090

