    1.7384   -8.8730
    1.7840   -8.8740

    1.7384   -8.8640
    1.7840   -8.8660

    1.7384   -8.8590
    1.7840   -8.8620

    1.7384   -8.8210
    1.7840   -8.8170

    1.7384   -8.7940
    1.7840   -8.7940

    1.7384   -8.7930
    1.7840   -8.7940

    1.7384   -8.7830
    1.7840   -8.7810

    1.7384   -8.7820
    1.7840   -8.7800

    1.7384   -8.7760
    1.7840   -8.7750

    1.7384   -8.7540
    1.7840   -8.7550

    1.7384   -8.7510
    1.7840   -8.7510

    1.7384   -8.7470
    1.7840   -8.7490

    1.7384   -8.7410
    1.7840   -8.7400

    1.7384   -8.7380
    1.7840   -8.7380

    1.7384   -8.7370
    1.7840   -8.7360

    1.7384   -5.9370
    1.7840   -6.0480

    1.7384   -4.9950
    1.7840   -4.8980

    1.7384   -4.5110
    1.7840   -4.4760

    1.7384   -4.4670
    1.7840   -4.4390

    1.7384   -0.4660
    1.7840   -0.4940

    1.7384   -0.1670
    1.7840   -0.2110

    1.7384    0.5570
    1.7840    0.4790

    1.7384    2.2260
    1.7840    2.4650

    1.7384    2.4360
    1.7840    2.4800

    1.7384    2.5130
    1.7840    2.6600

    1.7384    3.2660
    1.7840    3.1860

    1.7384    3.5910
    1.7840    3.5240

    1.7384    3.5980
    1.7840    3.5310

    1.7384    3.8740
    1.7840    3.7620

    1.7384    4.8870
    1.7840    5.0070

    1.7384    4.9500
    1.7840    5.1060

    1.7384    7.7870
    1.7840    7.7100

    1.7384    7.9730
    1.7840    7.8600

    1.7384    8.2220
    1.7840    8.0470

    1.7384    8.5110
    1.7840    8.3290

    1.7384    9.4590
    1.7840    9.1510

    1.7384    9.6360
    1.7840    9.5680

    1.7384   10.3560
    1.7840    9.9100

    1.7384   10.5350
    1.7840   10.1480

    1.7384   10.7700
    1.7840   10.6140

    1.7384   11.2420
    1.7840   10.9960

    1.7384   11.6280
    1.7840   12.0870

    1.7384   11.8690
    1.7840   12.2860

    1.7384   11.9360
    1.7840   12.3730

    1.7384   12.7980
    1.7840   13.1900

    1.7384   13.4140
    1.7840   13.6080

    1.7384   13.5860
    1.7840   13.8390

    1.7384   13.8670
    1.7840   13.9680

    1.7384   14.8060
    1.7840   15.0460

    1.7384   14.9410
    1.7840   15.1110

    1.7384   15.3820
    1.7840   15.2830

    1.7384   15.3940
    1.7840   15.3860

    1.7384   15.7020
    1.7840   15.8260

    1.7384   17.1750
    1.7840   17.0110

    1.7384   17.4160
    1.7840   17.3320

    1.7384   17.6790
    1.7840   17.7000

    1.7384   17.7240
    1.7840   18.0120

    1.7384   17.8480
    1.7840   18.0390

    1.7384   18.3080
    1.7840   18.3390

    1.7384   18.4200
    1.7840   18.4590

    1.7384   19.1620
    1.7840   19.3520

    1.7384   19.2400
    1.7840   19.4660

    1.7384   19.4010
    1.7840   19.7760

    1.7384   19.6840
    1.7840   19.7760

