    1.5564   -9.5010
    1.6019   -9.5010

    1.5564   -9.5000
    1.6019   -9.5000

    1.5564   -9.5000
    1.6019   -9.5000

    1.5564   -9.4300
    1.6019   -9.4300

    1.5564   -9.4300
    1.6019   -9.4300

    1.5564   -6.0060
    1.6019   -6.1050

    1.5564   -5.8340
    1.6019   -5.7980

    1.5564   -5.2980
    1.6019   -5.2640

    1.5564   -5.2500
    1.6019   -5.2210

    1.5564   -0.8310
    1.6019   -0.8070

    1.5564   -0.3190
    1.6019   -0.2810

    1.5564    0.2980
    1.6019    0.3250

    1.5564    0.5250
    1.6019    0.7760

    1.5564    2.0920
    1.6019    1.9760

    1.5564    2.1710
    1.6019    2.0510

    1.5564    3.2670
    1.6019    3.1240

    1.5564    3.2790
    1.6019    3.1850

    1.5564    3.3900
    1.6019    3.2050

    1.5564    3.5970
    1.6019    3.5570

    1.5564    3.6690
    1.6019    3.7620

    1.5564    3.7970
    1.6019    3.8600

    1.5564    7.3140
    1.6019    7.3440

    1.5564    7.7580
    1.6019    7.7560

    1.5564    8.2470
    1.6019    8.1670

    1.5564    8.4390
    1.6019    8.3240

    1.5564    9.0540
    1.6019    9.1380

    1.5564    9.1010
    1.6019    9.3210

    1.5564    9.1770
    1.6019    9.3700

    1.5564    9.3150
    1.6019    9.3910

    1.5564   10.3440
    1.6019   10.3170

    1.5564   10.5820
    1.6019   10.5200

    1.5564   10.7960
    1.6019   10.8490

    1.5564   11.0030
    1.6019   10.8880

    1.5564   11.3090
    1.6019   11.2620

    1.5564   11.3600
    1.6019   11.4700

    1.5564   12.2610
    1.6019   12.0360

    1.5564   12.3780
    1.6019   12.2420

    1.5564   13.0600
    1.6019   13.1350

    1.5564   13.1280
    1.6019   13.1970

    1.5564   13.7510
    1.6019   13.4720

    1.5564   14.0810
    1.6019   14.2700

    1.5564   14.9290
    1.6019   14.6890

    1.5564   14.9670
    1.6019   14.8430

    1.5564   15.3350
    1.6019   15.6930

    1.5564   15.5900
    1.6019   15.7790

    1.5564   15.7480
    1.6019   15.8680

    1.5564   16.2520
    1.6019   16.3790

    1.5564   17.0070
    1.6019   17.2010

    1.5564   17.0250
    1.6019   17.2250

    1.5564   17.2190
    1.6019   17.2880

    1.5564   17.4370
    1.6019   17.5690

    1.5564   18.1660
    1.6019   17.9040

    1.5564   18.2610
    1.6019   18.2370

    1.5564   18.8170
    1.6019   18.6900

    1.5564   19.4860
    1.6019   19.7050

    1.5564   20.1190
    1.6019   20.1710

    1.5564   20.2300
    1.6019   20.1850

    1.5564   20.4240
    1.6019   20.4910

    1.5564   20.6430
    1.6019   20.9180

    1.5564   21.1320
    1.6019   21.1070

    1.5564   21.2400
    1.6019   21.2340

    1.5564   21.4830
    1.6019   21.6440

    1.5564   21.6780
    1.6019   21.8940

    1.5564   22.0450
    1.6019   21.9680

