    1.8750   -8.8740
    1.9205   -8.8750

    1.8750   -8.8700
    1.9205   -8.8710

    1.8750   -8.8670
    1.9205   -8.8700

    1.8750   -8.8090
    1.9205   -8.8050

    1.8750   -8.7950
    1.9205   -8.7950

    1.8750   -8.7950
    1.9205   -8.7950

    1.8750   -8.7760
    1.9205   -8.7740

    1.8750   -8.7760
    1.9205   -8.7740

    1.8750   -8.7720
    1.9205   -8.7710

    1.8750   -8.7580
    1.9205   -8.7590

    1.8750   -8.7530
    1.9205   -8.7530

    1.8750   -8.7510
    1.9205   -8.7520

    1.8750   -8.7390
    1.9205   -8.7380

    1.8750   -8.7370
    1.9205   -8.7370

    1.8750   -8.7340
    1.9205   -8.7340

    1.8750   -6.2380
    1.9205   -6.3150

    1.8750   -4.6950
    1.9205   -4.5960

    1.8750   -4.4110
    1.9205   -4.3830

    1.8750   -4.3880
    1.9205   -4.3660

    1.8750   -0.5850
    1.9205   -0.6390

    1.8750   -0.3660
    1.9205   -0.4670

    1.8750    0.2860
    1.9205    0.1890

    1.8750    2.6400
    1.9205    2.7710

    1.8750    2.6700
    1.9205    2.7980

    1.8750    3.1300
    1.9205    3.1540

    1.8750    3.4200
    1.9205    3.3820

    1.8750    3.4230
    1.9205    3.3880

    1.8750    3.4530
    1.9205    3.4900

    1.8750    3.5680
    1.9205    3.8620

    1.8750    5.2560
    1.9205    5.3770

    1.8750    5.3740
    1.9205    5.4830

    1.8750    7.4980
    1.9205    7.3760

    1.8750    7.6310
    1.9205    7.5050

    1.8750    7.7310
    1.9205    7.5990

    1.8750    7.9980
    1.9205    7.8370

    1.8750    8.5290
    1.9205    8.2370

    1.8750    8.9680
    1.9205    8.5330

    1.8750    9.2700
    1.9205    8.9170

    1.8750    9.5110
    1.9205    9.4780

    1.8750   10.2560
    1.9205   10.0730

    1.8750   10.4280
    1.9205   10.1600

    1.8750   13.1570
    1.9205   13.7090

    1.8750   13.3170
    1.9205   13.8480

    1.8750   13.3770
    1.9205   13.8980

    1.8750   13.9960
    1.9205   14.2480

    1.8750   14.0090
    1.9205   14.3920

    1.8750   14.3800
    1.9205   14.4870

    1.8750   14.4400
    1.9205   14.6520

    1.8750   14.7860
    1.9205   14.7320

    1.8750   15.1700
    1.9205   15.2260

    1.8750   15.5670
    1.9205   15.7900

    1.8750   15.8080
    1.9205   16.0210

    1.8750   16.0180
    1.9205   16.0890

    1.8750   16.7930
    1.9205   16.8280

    1.8750   17.4460
    1.9205   17.5330

    1.8750   17.7560
    1.9205   17.7610

    1.8750   18.2770
    1.9205   18.2570

    1.8750   18.3310
    1.9205   18.4060

    1.8750   18.3960
    1.9205   18.4480

    1.8750   18.4700
    1.9205   18.4510

    1.8750   18.7880
    1.9205   18.5950

    1.8750   19.4540
    1.9205   19.0290

    1.8750   19.5740
    1.9205   19.4810

    1.8750   19.9810
    1.9205   19.8470

