    1.8750   -9.4990
    1.9205   -9.4990

    1.8750   -9.4990
    1.9205   -9.4990

    1.8750   -9.4990
    1.9205   -9.4990

    1.8750   -9.4300
    1.9205   -9.4310

    1.8750   -9.4300
    1.9205   -9.4300

    1.8750   -6.7130
    1.9205   -6.7840

    1.8750   -5.3250
    1.9205   -5.2400

    1.8750   -5.0850
    1.9205   -5.0620

    1.8750   -5.0700
    1.9205   -5.0510

    1.8750   -0.9410
    1.9205   -1.0120

    1.8750   -0.2700
    1.9205   -0.3200

    1.8750   -0.0520
    1.9205   -0.1650

    1.8750    1.9980
    1.9205    2.1340

    1.8750    2.0360
    1.9205    2.1660

    1.8750    2.4960
    1.9205    2.5210

    1.8750    2.7830
    1.9205    2.7500

    1.8750    2.7890
    1.9205    2.7550

    1.8750    2.9020
    1.9205    2.8540

    1.8750    2.9270
    1.9205    3.2950

    1.8750    4.4570
    1.9205    4.5630

    1.8750    4.5800
    1.9205    4.6680

    1.8750    6.7230
    1.9205    6.5980

    1.8750    7.0200
    1.9205    6.8640

    1.8750    7.1230
    1.9205    6.9540

    1.8750    7.3950
    1.9205    7.2260

    1.8750    7.8670
    1.9205    7.6030

    1.8750    8.3760
    1.9205    8.0000

    1.8750    8.5300
    1.9205    8.1400

    1.8750    8.8840
    1.9205    8.8670

    1.8750    9.5910
    1.9205    9.4260

    1.8750    9.7740
    1.9205    9.5170

    1.8750   12.4210
    1.9205   12.9450

    1.8750   12.5060
    1.9205   13.0250

    1.8750   12.6400
    1.9205   13.0520

    1.8750   12.7690
    1.9205   13.1650

    1.8750   13.1390
    1.9205   13.5230

    1.8750   13.6080
    1.9205   13.8050

    1.8750   13.7180
    1.9205   13.9640

    1.8750   13.8120
    1.9205   13.9800

    1.8750   14.3910
    1.9205   14.1560

    1.8750   14.6520
    1.9205   14.9090

    1.8750   14.7800
    1.9205   15.0360

    1.8750   15.2520
    1.9205   15.3510

    1.8750   15.8940
    1.9205   15.9140

    1.8750   16.2020
    1.9205   16.3090

    1.8750   16.6270
    1.9205   16.6860

    1.8750   17.0930
    1.9205   17.0420

    1.8750   17.4120
    1.9205   17.4080

    1.8750   17.5010
    1.9205   17.4160

    1.8750   17.5320
    1.9205   17.5030

    1.8750   17.6150
    1.9205   17.5490

    1.8750   18.1270
    1.9205   17.9860

    1.8750   18.3670
    1.9205   18.0310

    1.8750   18.9390
    1.9205   18.8140

    1.8750   19.1190
    1.9205   18.9870

    1.8750   19.7380
    1.9205   19.5410

    1.8750   19.9220
    1.9205   19.6110

    1.8750   19.9340
    1.9205   19.8910

    1.8750   20.1750
    1.9205   20.4430

    1.8750   20.4280
    1.9205   20.6290

    1.8750   20.7700
    1.9205   20.7760

    1.8750   21.1700
    1.9205   20.8160

    1.8750   21.4430
    1.9205   21.0200

    1.8750   21.7090
    1.9205   21.2750

