    1.5564   -8.8730
    1.6019   -8.8730

    1.5564   -8.8570
    1.6019   -8.8580

    1.5564   -8.8510
    1.6019   -8.8520

    1.5564   -8.8330
    1.6019   -8.8310

    1.5564   -8.7930
    1.6019   -8.7930

    1.5564   -8.7910
    1.6019   -8.7920

    1.5564   -8.7890
    1.6019   -8.7880

    1.5564   -8.7880
    1.6019   -8.7880

    1.5564   -8.7820
    1.6019   -8.7800

    1.5564   -8.7480
    1.6019   -8.7490

    1.5564   -8.7470
    1.6019   -8.7480

    1.5564   -8.7440
    1.6019   -8.7440

    1.5564   -8.7430
    1.6019   -8.7430

    1.5564   -8.7400
    1.6019   -8.7400

    1.5564   -8.7390
    1.6019   -8.7390

    1.5564   -5.4430
    1.6019   -5.5630

    1.5564   -5.2890
    1.6019   -5.2400

    1.5564   -4.6660
    1.6019   -4.6250

    1.5564   -4.5920
    1.6019   -4.5590

    1.5564   -0.4630
    1.6019   -0.4560

    1.5564   -0.1830
    1.6019   -0.1610

    1.5564    0.5820
    1.6019    0.6390

    1.5564    1.0170
    1.6019    1.2480

    1.5564    2.6990
    1.6019    2.5870

    1.5564    2.7850
    1.6019    2.6710

    1.5564    3.9370
    1.6019    3.7670

    1.5564    3.9560
    1.6019    3.8540

    1.5564    4.0310
    1.6019    3.8660

    1.5564    4.2550
    1.6019    4.2490

    1.5564    4.3700
    1.6019    4.4330

    1.5564    4.5070
    1.6019    4.5790

    1.5564    7.8720
    1.6019    7.8870

    1.5564    8.1150
    1.6019    8.1840

    1.5564    8.6580
    1.6019    8.6610

    1.5564    9.0880
    1.6019    9.0350

    1.5564    9.8200
    1.6019    9.8010

    1.5564    9.9010
    1.6019    9.9550

    1.5564    9.9600
    1.6019   10.0830

    1.5564    9.9920
    1.6019   10.1700

    1.5564   11.1770
    1.6019   11.1230

    1.5564   11.4030
    1.6019   11.4740

    1.5564   11.6960
    1.6019   11.6560

    1.5564   11.8770
    1.6019   11.7500

    1.5564   11.9740
    1.6019   11.9460

    1.5564   12.0710
    1.6019   12.1180

    1.5564   13.1890
    1.6019   13.0020

    1.5564   13.2460
    1.6019   13.1540

    1.5564   14.0410
    1.6019   14.0850

    1.5564   14.1670
    1.6019   14.2480

    1.5564   14.7490
    1.6019   14.4640

    1.5564   15.0110
    1.6019   15.1940

    1.5564   15.6700
    1.6019   15.5900

    1.5564   16.0850
    1.6019   15.9580

    1.5564   16.1850
    1.6019   16.4370

    1.5564   16.9090
    1.6019   17.1070

    1.5564   17.0500
    1.6019   17.1430

    1.5564   17.4340
    1.6019   17.5930

    1.5564   17.8310
    1.6019   18.0310

    1.5564   17.8320
    1.6019   18.0690

    1.5564   18.1010
    1.6019   18.1590

    1.5564   18.2380
    1.6019   18.3170

    1.5564   18.8470
    1.6019   18.5870

    1.5564   18.9340
    1.6019   18.9450

    1.5564   20.3300
    1.6019   20.1940

