    1.6929   -8.8730
    1.7384   -8.8730

    1.6929   -8.8620
    1.7384   -8.8640

    1.6929   -8.8570
    1.7384   -8.8590

    1.6929   -8.8240
    1.7384   -8.8210

    1.6929   -8.7930
    1.7384   -8.7940

    1.6929   -8.7930
    1.7384   -8.7930

    1.6929   -8.7850
    1.7384   -8.7830

    1.6929   -8.7840
    1.7384   -8.7820

    1.6929   -8.7770
    1.7384   -8.7760

    1.6929   -8.7520
    1.7384   -8.7540

    1.6929   -8.7500
    1.7384   -8.7510

    1.6929   -8.7460
    1.7384   -8.7470

    1.6929   -8.7420
    1.7384   -8.7410

    1.6929   -8.7390
    1.7384   -8.7380

    1.6929   -8.7380
    1.7384   -8.7370

    1.6929   -5.8170
    1.7384   -5.9370

    1.6929   -5.0860
    1.7384   -4.9950

    1.6929   -4.5480
    1.7384   -4.5110

    1.6929   -4.4960
    1.7384   -4.4670

    1.6929   -0.4520
    1.7384   -0.4660

    1.6929   -0.1470
    1.7384   -0.1670

    1.6929    0.6140
    1.7384    0.5570

    1.6929    1.8750
    1.7384    2.2260

    1.6929    2.4490
    1.7384    2.4360

    1.6929    2.5230
    1.7384    2.5130

    1.6929    3.3920
    1.7384    3.2660

    1.6929    3.6690
    1.7384    3.5910

    1.6929    3.6760
    1.7384    3.5980

    1.6929    3.9950
    1.7384    3.8740

    1.6929    4.7740
    1.7384    4.8870

    1.6929    4.7840
    1.7384    4.9500

    1.6929    7.8390
    1.7384    7.7870

    1.6929    8.0830
    1.7384    7.9730

    1.6929    8.3970
    1.7384    8.2220

    1.6929    8.6990
    1.7384    8.5110

    1.6929    9.6810
    1.7384    9.4590

    1.6929    9.7510
    1.7384    9.6360

    1.6929   10.5830
    1.7384   10.3560

    1.6929   10.6850
    1.7384   10.5350

    1.6929   10.9090
    1.7384   10.7700

    1.6929   11.4030
    1.7384   11.2420

    1.6929   11.4260
    1.7384   11.6280

    1.6929   11.6110
    1.7384   11.8690

    1.6929   11.7140
    1.7384   11.9360

    1.6929   12.4240
    1.7384   12.7980

    1.6929   13.1970
    1.7384   13.4140

    1.6929   13.3600
    1.7384   13.5860

    1.6929   13.9170
    1.7384   13.8670

    1.6929   14.5690
    1.7384   14.8060

    1.6929   14.6930
    1.7384   14.9410

    1.6929   15.4610
    1.7384   15.3820

    1.6929   15.5100
    1.7384   15.3940

    1.6929   15.5570
    1.7384   15.7020

    1.6929   17.1210
    1.7384   17.1750

    1.6929   17.3830
    1.7384   17.4160

    1.6929   17.6000
    1.7384   17.6790

    1.6929   17.6800
    1.7384   17.7240

    1.6929   17.7740
    1.7384   17.8480

    1.6929   18.2580
    1.7384   18.3080

    1.6929   18.3600
    1.7384   18.4200

    1.6929   18.8140
    1.7384   19.1620

    1.6929   18.8460
    1.7384   19.2400

    1.6929   19.1310
    1.7384   19.4010

    1.6929   19.8560
    1.7384   19.6840

