 &plot nbnd=  64, nks=    81 /
            0.000000  0.000000  0.000000
   -8.876   -8.876   -8.876   -8.796   -8.796   -8.796   -8.769   -8.769   -8.769   -8.762
   -8.755   -8.755   -8.736   -8.736   -8.732   -6.495   -4.310   -4.310   -4.310   -0.809
   -0.809   -0.067    3.302    3.302    3.302    3.309    3.309    3.309    5.733    5.733
    5.733    6.201    7.290    7.290    7.290    7.322    7.322    8.097    9.540    9.540
    9.540   13.479   15.544   15.544   15.565   15.565   15.565   15.649   15.649   15.649
   16.349   16.349   16.692   17.164   17.164   17.164   18.381   18.381   18.381   18.863
   18.863   18.863   19.115   19.115
            0.025000  0.000000  0.025000
   -8.876   -8.876   -8.876   -8.796   -8.796   -8.796   -8.769   -8.769   -8.769   -8.762
   -8.755   -8.755   -8.736   -8.736   -8.732   -6.491   -4.317   -4.316   -4.310   -0.804
   -0.798   -0.060    3.279    3.299    3.301    3.301    3.307    3.311    5.577    5.717
    5.730    6.341    7.277    7.291    7.310    7.360    7.365    8.116    9.539    9.545
    9.561   13.507   15.453   15.482   15.517   15.528   15.533   15.603   15.620   15.628
   16.331   16.351   16.621   17.172   17.181   17.229   18.329   18.352   18.381   18.795
   18.872   18.910   19.035   19.085
            0.050000  0.000000  0.050000
   -8.876   -8.876   -8.875   -8.797   -8.796   -8.796   -8.769   -8.769   -8.769   -8.762
   -8.754   -8.754   -8.737   -8.736   -8.732   -6.477   -4.336   -4.332   -4.308   -0.790
   -0.767   -0.040    3.206    3.288    3.290    3.292    3.303    3.323    5.294    5.672
    5.723    6.579    7.283    7.305    7.361    7.448    7.470    8.172    9.537    9.558
    9.623   13.588   15.283   15.292   15.393   15.396   15.420   15.474   15.535   15.576
   16.304   16.339   16.468   17.194   17.213   17.390   18.251   18.286   18.380   18.630
   18.907   18.945   18.949   19.144
            0.075000  0.000000  0.075000
   -8.876   -8.875   -8.874   -8.798   -8.796   -8.796   -8.770   -8.770   -8.769   -8.762
   -8.754   -8.754   -8.737   -8.736   -8.732   -6.455   -4.368   -4.358   -4.306   -0.768
   -0.717   -0.008    3.095    3.266    3.273    3.282    3.298    3.342    4.984    5.601
    5.714    6.815    7.320    7.333    7.437    7.559    7.644    8.268    9.537    9.580
    9.727   13.718   14.987   15.071   15.109   15.202   15.299   15.331   15.401   15.496
   16.249   16.281   16.330   17.202   17.267   17.544   18.194   18.249   18.407   18.456
   18.841   18.893   19.076   19.263
            0.100000  0.000000  0.100000
   -8.875   -8.875   -8.873   -8.800   -8.796   -8.796   -8.771   -8.771   -8.770   -8.761
   -8.754   -8.754   -8.737   -8.737   -8.732   -6.425   -4.409   -4.392   -4.304   -0.739
   -0.651    0.037    2.960    3.236    3.247    3.276    3.294    3.370    4.665    5.503
    5.698    7.030    7.372    7.388    7.540    7.694    7.859    8.410    9.543    9.611
    9.871   13.888   14.601   14.721   14.852   14.973   15.159   15.162   15.238   15.384
   16.029   16.248   16.262   17.202   17.343   17.542   18.134   18.285   18.379   18.501
   18.770   18.864   19.237   19.413
            0.125000  0.000000  0.125000
   -8.875   -8.874   -8.872   -8.802   -8.796   -8.796   -8.772   -8.771   -8.770   -8.760
   -8.754   -8.753   -8.737   -8.737   -8.733   -6.386   -4.459   -4.434   -4.303   -0.706
   -0.572    0.092    2.812    3.198    3.212    3.276    3.296    3.406    4.345    5.381
    5.679    7.221    7.420    7.487    7.667    7.852    8.092    8.610    9.557    9.651
   10.048   14.064   14.193   14.289   14.627   14.731   14.964   15.008   15.067   15.259
   15.770   16.183   16.195   17.210   17.382   17.437   18.059   18.151   18.615   18.646
   18.734   18.894   19.412   19.582
            0.150000  0.000000  0.150000
   -8.875   -8.873   -8.870   -8.804   -8.796   -8.795   -8.774   -8.772   -8.771   -8.760
   -8.753   -8.752   -8.738   -8.737   -8.733   -6.339   -4.514   -4.481   -4.303   -0.669
   -0.483    0.155    2.662    3.155    3.171    3.286    3.306    3.450    4.028    5.239
    5.655    7.389    7.481    7.613    7.815    8.029    8.323    8.875    9.585    9.701
   10.253   13.695   13.831   14.313   14.407   14.500   14.744   14.850   14.893   15.127
   15.504   16.085   16.115   17.154   17.231   17.544   17.979   18.017   18.706   18.755
   18.859   19.114   19.589   19.756
            0.175000  0.000000  0.175000
   -8.874   -8.872   -8.868   -8.807   -8.795   -8.795   -8.776   -8.773   -8.772   -8.759
   -8.753   -8.752   -8.738   -8.737   -8.734   -6.283   -4.574   -4.531   -4.305   -0.631
   -0.389    0.224    2.518    3.107    3.124    3.309    3.327    3.500    3.717    5.079
    5.625    7.513    7.577    7.764    7.977    8.221    8.542    9.194    9.632    9.759
   10.472   13.230   13.364   14.193   14.218   14.515   14.565   14.696   14.714   14.987
   15.256   15.968   16.006   16.900   17.262   17.622   17.880   17.935   18.730   18.792
   19.061   19.467   19.746   19.920
            0.200000  0.000000  0.200000
   -8.874   -8.870   -8.866   -8.810   -8.795   -8.795   -8.778   -8.775   -8.773   -8.758
   -8.752   -8.751   -8.739   -8.737   -8.735   -6.220   -4.635   -4.584   -4.312   -0.591
   -0.294    0.295    2.389    3.054    3.074    3.344    3.348    3.435    3.558    4.904
    5.589    7.590    7.714    7.939    8.154    8.427    8.756    9.523    9.726    9.826
   10.691   12.764   12.899   13.984   13.989   14.296   14.471   14.526   14.784   14.814
   15.128   15.837   15.873   16.635   17.292   17.597   17.734   18.024   18.770   18.807
   19.265   19.778   19.861   20.113
            0.225000  0.000000  0.225000
   -8.873   -8.869   -8.864   -8.813   -8.795   -8.794   -8.780   -8.776   -8.774   -8.757
   -8.752   -8.750   -8.739   -8.738   -8.735   -6.150   -4.697   -4.637   -4.324   -0.550
   -0.201    0.364    2.278    2.992    3.022    3.115    3.405    3.431    3.623    4.717
    5.546    7.665    7.847    8.133    8.346    8.640    8.970    9.701    9.902   10.013
   10.894   12.307   12.440   13.759   13.777   14.100   14.255   14.330   14.575   14.859
   15.235   15.704   15.715   16.381   17.268   17.556   17.581   18.210   18.801   18.813
   19.458   19.858   19.902   20.447
            0.250000  0.000000  0.250000
   -8.873   -8.868   -8.862   -8.816   -8.794   -8.794   -8.782   -8.777   -8.775   -8.755
   -8.751   -8.749   -8.740   -8.738   -8.736   -6.072   -4.757   -4.690   -4.342   -0.507
   -0.114    0.429    2.191    2.802    2.966    2.969    3.482    3.503    3.695    4.521
    5.495    7.741    7.968    8.343    8.553    8.857    9.183    9.799    9.987   10.407
   11.063   11.868   12.000   13.552   13.553   13.935   14.005   14.122   14.338   14.891
   15.393   15.537   15.629   16.127   17.147   17.410   17.591   18.448   18.768   18.847
   19.623   19.783   19.855   20.333
            0.275000  0.000000  0.275000
   -8.873   -8.866   -8.859   -8.819   -8.794   -8.794   -8.783   -8.779   -8.776   -8.754
   -8.751   -8.748   -8.741   -8.738   -8.737   -5.988   -4.814   -4.741   -4.369   -0.462
   -0.034    0.486    2.128    2.531    2.909    2.919    3.581    3.598    3.772    4.322
    5.438    7.822    8.078    8.567    8.779    9.073    9.394    9.901   10.081   10.807
   11.187   11.466   11.598   13.320   13.377   13.735   13.807   13.905   14.107   14.967
   15.347   15.354   15.789   15.883   16.984   17.240   17.679   18.706   18.725   18.868
   19.653   19.736   19.752   20.111
            0.300000  0.000000  0.300000
   -8.872   -8.864   -8.857   -8.822   -8.794   -8.793   -8.785   -8.780   -8.778   -8.753
   -8.750   -8.747   -8.741   -8.739   -8.737   -5.898   -4.868   -4.789   -4.404   -0.413
    0.036    0.534    2.091    2.269    2.859    2.871    3.698    3.712    3.855    4.120
    5.373    7.904    8.175    8.791    9.018    9.274    9.580   10.019   10.184   11.063
   11.197   11.244   11.294   13.081   13.248   13.460   13.671   13.713   13.872   15.046
   15.153   15.286   15.650   16.022   16.799   17.055   17.794   18.613   18.843   19.048
   19.511   19.614   19.790   19.932
            0.325000  0.000000  0.325000
   -8.872   -8.862   -8.855   -8.825   -8.793   -8.793   -8.787   -8.781   -8.779   -8.752
   -8.749   -8.747   -8.742   -8.739   -8.738   -5.803   -4.918   -4.833   -4.449   -0.358
    0.096    0.570    2.008    2.092    2.814    2.825    3.834    3.844    3.918    3.943
    5.301    7.987    8.260    8.991    9.262    9.452    9.701   10.154   10.297   10.817
   10.973   11.321   11.490   12.841   13.127   13.252   13.425   13.645   13.650   14.944
   14.971   15.425   15.427   16.247   16.617   16.866   17.924   18.505   18.787   19.373
   19.375   19.504   19.731   19.835
            0.350000  0.000000  0.350000
   -8.872   -8.860   -8.853   -8.828   -8.793   -8.793   -8.788   -8.783   -8.781   -8.751
   -8.749   -8.746   -8.742   -8.740   -8.739   -5.703   -4.962   -4.873   -4.503   -0.296
    0.146    0.594    1.778    2.105    2.774    2.785    3.719    3.981    3.989    4.037
    5.223    8.071    8.330    9.104    9.468    9.626    9.733   10.309   10.418   10.715
   10.834   11.331   11.667   12.607   12.874   13.163   13.190   13.556   13.603   14.736
   14.833   15.220   15.671   16.352   16.555   16.682   18.069   18.397   18.700   19.246
   19.390   19.571   19.757   19.794
            0.375000  0.000000  0.375000
   -8.872   -8.858   -8.851   -8.831   -8.792   -8.792   -8.789   -8.784   -8.782   -8.749
   -8.748   -8.745   -8.743   -8.740   -8.740   -5.600   -5.000   -4.908   -4.567   -0.224
    0.186    0.603    1.565    2.147    2.739    2.750    3.523    4.122    4.140    4.149
    5.140    8.153    8.382    9.067    9.426    9.844    9.888   10.475   10.549   10.778
   10.841   11.322   11.716   12.377   12.605   12.888   12.982   13.583   13.769   14.536
   14.682   15.024   15.927   16.223   16.508   16.747   18.224   18.298   18.602   19.133
   19.294   19.472   19.668   19.822
            0.400000  0.000000  0.400000
   -8.872   -8.856   -8.849   -8.834   -8.792   -8.792   -8.789   -8.785   -8.784   -8.748
   -8.747   -8.745   -8.743   -8.741   -8.740   -5.494   -5.032   -4.939   -4.639   -0.141
    0.217    0.594    1.378    2.212    2.709    2.721    3.333    4.229    4.289    4.298
    5.050    8.231    8.414    8.920    9.240   10.106   10.154   10.649   10.689   10.927
   10.949   11.308   11.681   12.156   12.343   12.602   12.715   13.573   14.133   14.361
   14.544   14.848   16.011   16.238   16.361   16.981   18.216   18.372   18.532   19.039
   19.196   19.335   19.569   19.587
            0.425000  0.000000  0.425000
   -8.872   -8.854   -8.848   -8.837   -8.792   -8.791   -8.790   -8.786   -8.785   -8.747
   -8.746   -8.744   -8.743   -8.741   -8.741   -5.388   -5.057   -4.966   -4.717   -0.047
    0.239    0.560    1.226    2.297    2.686    2.697    3.152    4.331    4.426    4.440
    4.957    8.294    8.421    8.742    9.062   10.392   10.435   10.834   10.841   11.091
   11.095   11.300   11.611   11.940   12.081   12.307   12.427   13.561   14.222   14.355
   14.619   14.674   15.908   16.237   16.374   17.246   18.152   18.392   18.591   18.964
   19.073   19.202   19.311   19.447
            0.450000  0.000000  0.450000
   -8.873   -8.851   -8.847   -8.840   -8.791   -8.791   -8.790   -8.787   -8.786   -8.746
   -8.746   -8.744   -8.744   -8.742   -8.742   -5.282   -5.075   -4.992   -4.795    0.057
    0.255    0.495    1.119    2.402    2.669    2.680    2.979    4.435    4.538    4.556
    4.860    8.330    8.416    8.583    8.936   10.685   10.717   11.003   11.035   11.227
   11.236   11.309   11.537   11.735   11.831   12.007   12.137   13.535   14.148   14.257
   14.525   15.053   15.823   16.150   16.392   17.544   18.106   18.342   18.643   18.911
   18.957   19.073   19.119   19.299
            0.475000  0.000000  0.475000
   -8.873   -8.849   -8.847   -8.843   -8.791   -8.790   -8.790   -8.788   -8.787   -8.745
   -8.745   -8.744   -8.744   -8.743   -8.742   -5.181   -5.086   -5.029   -4.859    0.169
    0.264    0.402    1.058    2.521    2.659    2.670    2.818    4.538    4.612    4.632
    4.763    8.322    8.428    8.475    8.868   10.966   10.979   11.177   11.236   11.296
   11.338   11.357   11.489   11.541   11.592   11.715   11.856   13.501   14.138   14.178
   14.406   15.478   15.771   16.095   16.253   17.852   18.078   18.306   18.477   18.878
   18.914   18.974   19.049   19.243
            0.500000  0.000000  0.500000
   -8.873   -8.847   -8.847   -8.845   -8.790   -8.790   -8.790   -8.788   -8.788   -8.745
   -8.744   -8.744   -8.744   -8.743   -8.743   -5.095   -5.090   -5.090   -4.884    0.267
    0.267    0.309    1.039    2.621    2.666    2.666    2.694    4.620    4.637    4.637
    4.702    8.310    8.436    8.436    8.847   11.132   11.132   11.300   11.339   11.363
   11.363   11.405   11.408   11.426   11.520   11.520   11.660   13.483   14.143   14.143
   14.347   15.716   15.785   16.076   16.076   18.068   18.068   18.288   18.298   18.867
   18.867   18.985   19.016   19.245
            0.500000  0.012500  0.512500
   -8.873   -8.847   -8.847   -8.844   -8.790   -8.790   -8.790   -8.788   -8.788   -8.745
   -8.745   -8.744   -8.744   -8.743   -8.743   -5.120   -5.093   -5.064   -4.881    0.240
    0.263    0.332    1.039    2.607    2.644    2.689    2.724    4.601    4.626    4.654
    4.710    8.310    8.436    8.437    8.849   11.074   11.111   11.260   11.292   11.319
   11.357   11.378   11.424   11.517   11.550   11.560   11.724   13.491   14.147   14.154
   14.362   15.692   15.758   16.095   16.099   18.031   18.040   18.244   18.358   18.870
   18.874   18.978   19.038   19.251
            0.500000  0.025000  0.525000
   -8.873   -8.848   -8.847   -8.844   -8.790   -8.790   -8.790   -8.788   -8.788   -8.745
   -8.745   -8.744   -8.744   -8.743   -8.743   -5.147   -5.101   -5.035   -4.871    0.197
    0.253    0.365    1.037    2.586    2.620    2.732    2.772    4.572    4.601    4.674
    4.726    8.311    8.436    8.438    8.855   10.949   11.047   11.146   11.229   11.271
   11.330   11.401   11.455   11.578   11.607   11.687   11.854   13.514   14.153   14.181
   14.395   15.633   15.692   16.135   16.146   17.944   17.977   18.207   18.402   18.855
   18.891   18.996   19.083   19.274
            0.500000  0.037500  0.537500
   -8.873   -8.849   -8.847   -8.843   -8.791   -8.790   -8.790   -8.788   -8.787   -8.745
   -8.745   -8.744   -8.743   -8.743   -8.742   -5.173   -5.112   -5.007   -4.857    0.150
    0.237    0.395    1.035    2.571    2.602    2.785    2.829    4.539    4.569    4.690
    4.742    8.313    8.435    8.439    8.864   10.804   10.939   11.042   11.145   11.243
   11.301   11.430   11.492   11.635   11.665   11.829   12.000   13.549   14.161   14.221
   14.445   15.557   15.611   16.177   16.193   17.845   17.903   18.159   18.405   18.799
   18.902   19.059   19.144   19.325
            0.500000  0.050000  0.550000
   -8.873   -8.850   -8.847   -8.842   -8.791   -8.790   -8.790   -8.788   -8.787   -8.745
   -8.745   -8.744   -8.743   -8.743   -8.742   -5.199   -5.127   -4.978   -4.840    0.101
    0.215    0.423    1.031    2.561    2.593    2.847    2.893    4.505    4.533    4.704
    4.756    8.314    8.433    8.440    8.875   10.658   10.809   10.952   11.053   11.221
   11.276   11.463   11.531   11.693   11.718   11.970   12.149   13.601   14.179   14.280
   14.509   15.476   15.525   16.211   16.229   17.757   17.833   18.103   18.373   18.719
   18.882   19.144   19.226   19.410
            0.500000  0.062500  0.562500
   -8.873   -8.850   -8.847   -8.841   -8.791   -8.790   -8.790   -8.788   -8.786   -8.746
   -8.745   -8.744   -8.743   -8.743   -8.742   -5.223   -5.142   -4.949   -4.820    0.050
    0.188    0.447    1.027    2.556    2.590    2.915    2.963    4.467    4.494    4.713
    4.765    8.316    8.432    8.440    8.887   10.517   10.678   10.863   10.959   11.203
   11.253   11.499   11.572   11.747   11.762   12.105   12.293   13.664   14.203   14.352
   14.579   15.399   15.445   16.227   16.243   17.683   17.774   18.042   18.319   18.627
   18.827   19.236   19.326   19.518
            0.500000  0.075000  0.575000
   -8.873   -8.851   -8.847   -8.840   -8.792   -8.790   -8.790   -8.788   -8.786   -8.746
   -8.746   -8.744   -8.743   -8.743   -8.742   -5.246   -5.159   -4.920   -4.800   -0.002
    0.158    0.467    1.022    2.556    2.593    2.991    3.039    4.428    4.454    4.719
    4.772    8.316    8.428    8.439    8.900   10.385   10.553   10.774   10.863   11.189
   11.235   11.537   11.612   11.796   11.800   12.231   12.432   13.739   14.237   14.438
   14.651   15.328   15.383   16.225   16.232   17.626   17.732   17.985   18.254   18.532
   18.754   19.327   19.432   19.637
            0.500000  0.087500  0.587500
   -8.873   -8.852   -8.848   -8.839   -8.792   -8.790   -8.790   -8.788   -8.785   -8.746
   -8.746   -8.744   -8.743   -8.742   -8.741   -5.268   -5.175   -4.893   -4.778   -0.054
    0.125    0.484    1.016    2.561    2.602    3.072    3.121    4.387    4.411    4.721
    4.774    8.313    8.423    8.437    8.911   10.265   10.440   10.685   10.766   11.178
   11.221   11.576   11.653   11.829   11.839   12.349   12.561   13.824   14.278   14.530
   14.707   15.266   15.358   16.194   16.203   17.571   17.713   17.935   18.184   18.440
   18.675   19.410   19.530   19.757
            0.500000  0.100000  0.600000
   -8.873   -8.853   -8.848   -8.839   -8.792   -8.791   -8.790   -8.788   -8.785   -8.746
   -8.746   -8.744   -8.743   -8.742   -8.741   -5.288   -5.191   -4.865   -4.757   -0.106
    0.090    0.499    1.010    2.570    2.615    3.158    3.207    4.345    4.368    4.719
    4.773    8.301    8.414    8.438    8.921   10.159   10.339   10.597   10.671   11.168
   11.211   11.615   11.693   11.850   11.875   12.458   12.679   13.916   14.326   14.614
   14.730   15.228   15.389   16.134   16.164   17.506   17.708   17.894   18.110   18.361
   18.601   19.483   19.613   19.873
            0.500000  0.112500  0.612500
   -8.873   -8.853   -8.848   -8.838   -8.792   -8.791   -8.790   -8.788   -8.785   -8.747
   -8.746   -8.744   -8.743   -8.742   -8.741   -5.307   -5.206   -4.839   -4.736   -0.156
    0.054    0.510    1.004    2.582    2.633    3.249    3.296    4.303    4.324    4.714
    4.767    8.278    8.401    8.445    8.930   10.070   10.253   10.510   10.577   11.161
   11.208   11.655   11.731   11.865   11.906   12.559   12.787   14.015   14.376   14.667
   14.719   15.239   15.481   16.062   16.115   17.429   17.706   17.857   18.036   18.308
   18.549   19.538   19.671   19.983
            0.500000  0.125000  0.625000
   -8.873   -8.854   -8.849   -8.837   -8.793   -8.791   -8.789   -8.788   -8.784   -8.747
   -8.746   -8.744   -8.743   -8.742   -8.740   -5.325   -5.221   -4.814   -4.715   -0.204
    0.018    0.520    0.998    2.597    2.653    3.343    3.389    4.260    4.280    4.704
    4.758    8.245    8.381    8.458    8.938    9.998   10.181   10.427   10.485   11.157
   11.209   11.694   11.767   11.876   11.930   12.653   12.885   14.116   14.418   14.675
   14.696   15.319   15.620   15.982   16.061   17.340   17.686   17.818   17.962   18.291
   18.524   19.568   19.693   20.086
            0.500000  0.137500  0.637500
   -8.873   -8.855   -8.849   -8.837   -8.793   -8.791   -8.790   -8.788   -8.784   -8.747
   -8.746   -8.744   -8.743   -8.741   -8.740   -5.341   -5.234   -4.791   -4.696   -0.249
   -0.017    0.527    0.992    2.615    2.675    3.438    3.482    4.218    4.236    4.689
    4.743    8.201    8.355    8.475    8.946    9.942   10.123   10.345   10.395   11.153
   11.215   11.730   11.798   11.883   11.948   12.738   12.968   14.213   14.433   14.652
   14.676   15.450   15.777   15.907   16.007   17.239   17.636   17.770   17.889   18.312
   18.529   19.564   19.665   20.181
            0.500000  0.150000  0.650000
   -8.873   -8.855   -8.849   -8.836   -8.793   -8.791   -8.789   -8.788   -8.783   -8.747
   -8.746   -8.744   -8.743   -8.741   -8.740   -5.356   -5.247   -4.769   -4.678   -0.291
   -0.050    0.533    0.986    2.634    2.698    3.535    3.576    4.178    4.194    4.670
    4.724    8.152    8.321    8.495    8.956    9.902   10.078   10.269   10.309   11.153
   11.224   11.763   11.823   11.892   11.961   12.818   13.044   14.300   14.412   14.619
   14.693   15.619   15.810   15.952   15.995   17.129   17.556   17.719   17.826   18.366
   18.559   19.521   19.584   20.270
            0.500000  0.162500  0.662500
   -8.873   -8.855   -8.850   -8.836   -8.793   -8.791   -8.789   -8.788   -8.783   -8.748
   -8.747   -8.744   -8.743   -8.741   -8.740   -5.369   -5.258   -4.749   -4.661   -0.330
   -0.081    0.538    0.980    2.653    2.722    3.631    3.670    4.140    4.153    4.646
    4.700    8.098    8.282    8.518    8.969    9.874   10.044   10.198   10.229   11.154
   11.237   11.789   11.841   11.906   11.972   12.893   13.110   14.347   14.373   14.606
   14.735   15.741   15.810   15.918   16.194   17.013   17.457   17.668   17.771   18.439
   18.604   19.430   19.455   20.353
            0.500000  0.175000  0.675000
   -8.873   -8.856   -8.850   -8.835   -8.793   -8.791   -8.789   -8.788   -8.783   -8.748
   -8.747   -8.744   -8.743   -8.741   -8.740   -5.380   -5.267   -4.731   -4.647   -0.365
   -0.109    0.541    0.976    2.672    2.746    3.727    3.761    4.105    4.116    4.618
    4.672    8.044    8.240    8.540    8.984    9.856   10.019   10.132   10.155   11.156
   11.252   11.802   11.859   11.920   11.981   12.963   13.166   14.299   14.362   14.639
   14.784   15.687   15.889   16.010   16.410   16.895   17.349   17.619   17.725   18.518
   18.660   19.278   19.307   20.425
            0.500000  0.187500  0.687500
   -8.873   -8.856   -8.850   -8.835   -8.793   -8.791   -8.789   -8.788   -8.783   -8.748
   -8.747   -8.744   -8.743   -8.741   -8.740   -5.390   -5.275   -4.716   -4.634   -0.395
   -0.133    0.544    0.971    2.691    2.768    3.819    3.848    4.076    4.082    4.583
    4.640    7.993    8.198    8.562    9.002    9.843    9.998   10.074   10.092   11.161
   11.268   11.801   11.880   11.931   11.991   13.028   13.212   14.240   14.329   14.699
   14.831   15.649   15.881   16.204   16.629   16.785   17.238   17.577   17.691   18.591
   18.717   19.093   19.140   20.454
            0.500000  0.200000  0.700000
   -8.873   -8.856   -8.850   -8.835   -8.793   -8.791   -8.789   -8.788   -8.782   -8.748
   -8.747   -8.744   -8.743   -8.740   -8.739   -5.398   -5.282   -4.703   -4.623   -0.419
   -0.154    0.545    0.967    2.707    2.787    3.906    3.925    4.049    4.060    4.545
    4.605    7.947    8.159    8.583    9.022    9.836    9.976   10.026   10.043   11.167
   11.286   11.795   11.900   11.937   12.004   13.088   13.247   14.185   14.288   14.759
   14.873   15.631   15.891   16.366   16.691   16.866   17.135   17.548   17.672   18.624
   18.771   18.924   18.952   20.440
            0.500000  0.212500  0.712500
   -8.873   -8.856   -8.850   -8.834   -8.793   -8.791   -8.789   -8.789   -8.782   -8.748
   -8.747   -8.744   -8.743   -8.740   -8.739   -5.404   -5.288   -4.693   -4.615   -0.439
   -0.170    0.547    0.964    2.721    2.804    3.972    3.985    4.026    4.070    4.503
    4.567    7.908    8.125    8.601    9.041    9.830    9.943    9.992   10.013   11.172
   11.301   11.787   11.916   11.942   12.016   13.141   13.269   14.138   14.248   14.803
   14.907   15.635   15.915   16.405   16.728   17.043   17.082   17.537   17.670   18.534
   18.722   18.836   18.872   20.408
            0.500000  0.225000  0.725000
   -8.873   -8.857   -8.851   -8.834   -8.793   -8.791   -8.789   -8.789   -8.782   -8.748
   -8.747   -8.744   -8.743   -8.740   -8.739   -5.408   -5.292   -4.686   -4.609   -0.454
   -0.182    0.547    0.962    2.732    2.816    3.979    4.006    4.054    4.116    4.459
    4.531    7.878    8.100    8.615    9.056    9.827    9.908    9.968   10.002   11.178
   11.316   11.779   11.923   11.946   12.025   13.188   13.280   14.100   14.216   14.828
   14.931   15.656   15.946   16.338   16.845   16.978   17.252   17.571   17.695   18.355
   18.514   18.856   18.902   20.378
            0.500000  0.237500  0.737500
   -8.873   -8.857   -8.851   -8.834   -8.793   -8.791   -8.789   -8.789   -8.782   -8.748
   -8.747   -8.744   -8.743   -8.740   -8.739   -5.411   -5.294   -4.681   -4.605   -0.462
   -0.189    0.548    0.961    2.738    2.824    3.976    3.995    4.102    4.165    4.421
    4.503    7.860    8.083    8.624    9.067    9.826    9.884    9.953    9.997   11.181
   11.324   11.773   11.925   11.951   12.031   13.225   13.280   14.078   14.197   14.842
   14.945   15.680   15.979   16.265   16.889   16.983   17.337   17.679   17.751   18.180
   18.319   18.875   18.933   20.352
            0.500000  0.250000  0.750000
   -8.873   -8.857   -8.851   -8.834   -8.793   -8.791   -8.789   -8.789   -8.782   -8.748
   -8.747   -8.744   -8.743   -8.740   -8.739   -5.412   -5.295   -4.680   -4.603   -0.465
   -0.191    0.548    0.960    2.741    2.827    3.974    3.991    4.119    4.185    4.404
    4.491    7.854    8.078    8.627    9.071    9.825    9.875    9.948    9.995   11.181
   11.325   11.771   11.925   11.954   12.034   13.244   13.274   14.071   14.190   14.846
   14.948   15.691   15.995   16.233   16.875   17.012   17.357   17.762   17.793   18.091
   18.223   18.881   18.944   20.344
            0.493750  0.256250  0.749500
   -8.874   -8.856   -8.851   -8.834   -8.793   -8.791   -8.789   -8.789   -8.782   -8.748
   -8.747   -8.744   -8.743   -8.740   -8.739   -5.406   -5.286   -4.687   -4.610   -0.465
   -0.196    0.523    0.938    2.764    2.849    3.990    4.010    4.109    4.207    4.407
    4.500    7.833    8.061    8.600    9.048    9.834    9.874    9.951   10.004   11.158
   11.310   11.799   11.937   11.953   12.026   13.250   13.273   14.113   14.228   14.844
   14.972   15.671   15.987   16.236   16.886   16.990   17.315   17.725   17.771   18.094
   18.222   18.885   18.945   20.304
            0.487500  0.262500  0.749000
   -8.874   -8.856   -8.850   -8.835   -8.793   -8.792   -8.789   -8.789   -8.783   -8.748
   -8.747   -8.744   -8.743   -8.740   -8.739   -5.404   -5.273   -4.695   -4.616   -0.465
   -0.200    0.496    0.919    2.786    2.872    4.003    4.029    4.087    4.241    4.408
    4.516    7.809    8.047    8.570    9.022    9.844    9.878    9.958   10.016   11.127
   11.303   11.815   11.917   11.965   12.046   13.245   13.271   14.163   14.276   14.829
   15.012   15.639   15.994   16.234   16.907   16.967   17.274   17.681   17.743   18.105
   18.234   18.885   18.941   20.249
            0.481250  0.268750  0.748500
   -8.874   -8.856   -8.850   -8.835   -8.793   -8.792   -8.789   -8.789   -8.783   -8.748
   -8.747   -8.744   -8.743   -8.740   -8.739   -5.405   -5.256   -4.703   -4.622   -0.465
   -0.204    0.468    0.903    2.809    2.895    4.006    4.047    4.071    4.275    4.406
    4.537    7.781    8.036    8.537    8.992    9.855    9.887    9.969   10.030   11.091
   11.301   11.817   11.895   11.972   12.088   13.229   13.269   14.217   14.332   14.811
   15.052   15.600   16.011   16.228   16.920   16.956   17.235   17.634   17.709   18.121
   18.258   18.878   18.931   20.182
            0.475000  0.275000  0.748000
   -8.874   -8.856   -8.850   -8.835   -8.793   -8.792   -8.789   -8.789   -8.783   -8.748
   -8.746   -8.743   -8.743   -8.740   -8.739   -5.407   -5.238   -4.711   -4.629   -0.464
   -0.208    0.439    0.888    2.832    2.918    3.990    4.065    4.073    4.305    4.405
    4.563    7.749    8.027    8.502    8.960    9.865    9.899    9.984   10.044   11.053
   11.302   11.803   11.871   11.986   12.136   13.206   13.267   14.274   14.396   14.791
   15.091   15.555   16.032   16.220   16.898   16.980   17.204   17.585   17.671   18.140
   18.293   18.863   18.921   20.105
            0.468750  0.281250  0.747500
   -8.874   -8.856   -8.850   -8.836   -8.793   -8.792   -8.789   -8.789   -8.783   -8.748
   -8.746   -8.743   -8.743   -8.740   -8.739   -5.410   -5.219   -4.720   -4.635   -0.462
   -0.211    0.409    0.875    2.854    2.942    3.961    4.079    4.090    4.331    4.403
    4.592    7.714    8.020    8.466    8.928    9.875    9.914   10.003   10.060   11.013
   11.304   11.779   11.846   12.007   12.186   13.178   13.263   14.331   14.468   14.775
   15.127   15.506   16.056   16.212   16.868   17.004   17.191   17.537   17.633   18.160
   18.335   18.834   18.914   20.028
            0.462500  0.287500  0.747000
   -8.874   -8.855   -8.850   -8.836   -8.793   -8.792   -8.789   -8.788   -8.784   -8.748
   -8.746   -8.743   -8.743   -8.740   -8.739   -5.414   -5.199   -4.729   -4.642   -0.460
   -0.215    0.379    0.864    2.876    2.967    3.927    4.094    4.109    4.350    4.404
    4.625    7.677    8.015    8.428    8.895    9.884    9.929   10.025   10.078   10.973
   11.306   11.750   11.820   12.034   12.238   13.145   13.259   14.387   14.539   14.765
   15.158   15.458   16.078   16.208   16.834   17.011   17.201   17.491   17.592   18.180
   18.379   18.794   18.910   19.951
            0.456250  0.293750  0.746500
   -8.874   -8.855   -8.850   -8.836   -8.793   -8.792   -8.789   -8.788   -8.784   -8.748
   -8.746   -8.743   -8.743   -8.740   -8.739   -5.418   -5.179   -4.738   -4.648   -0.458
   -0.218    0.349    0.855    2.896    2.992    3.892    4.110    4.129    4.362    4.410
    4.660    7.638    8.012    8.391    8.863    9.894    9.943   10.050   10.098   10.934
   11.309   11.718   11.794   12.063   12.289   13.110   13.253   14.441   14.604   14.768
   15.184   15.413   16.093   16.213   16.801   17.002   17.232   17.454   17.552   18.200
   18.425   18.747   18.907   19.878
            0.450000  0.300000  0.746000
   -8.874   -8.855   -8.850   -8.836   -8.793   -8.792   -8.789   -8.788   -8.784   -8.748
   -8.746   -8.743   -8.743   -8.740   -8.739   -5.422   -5.158   -4.747   -4.654   -0.455
   -0.221    0.319    0.846    2.915    3.018    3.855    4.125    4.148    4.366    4.419
    4.697    7.599    8.010    8.353    8.832    9.902    9.956   10.076   10.120   10.895
   11.313   11.685   11.767   12.094   12.339   13.072   13.247   14.490   14.650   14.795
   15.199   15.375   16.096   16.230   16.765   16.983   17.261   17.436   17.511   18.220
   18.462   18.699   18.905   19.807
            0.443750  0.306250  0.745500
   -8.874   -8.855   -8.850   -8.836   -8.793   -8.792   -8.789   -8.788   -8.784   -8.748
   -8.746   -8.743   -8.743   -8.741   -8.739   -5.425   -5.137   -4.757   -4.660   -0.451
   -0.223    0.291    0.838    2.932    3.046    3.819    4.141    4.167    4.365    4.430
    4.734    7.559    8.009    8.317    8.802    9.911    9.969   10.103   10.145   10.856
   11.316   11.651   11.740   12.126   12.388   13.034   13.241   14.532   14.680   14.850
   15.196   15.354   16.091   16.258   16.730   16.965   17.264   17.453   17.476   18.238
   18.479   18.668   18.903   19.741
            0.437500  0.312500  0.745000
   -8.874   -8.855   -8.850   -8.837   -8.793   -8.792   -8.789   -8.788   -8.785   -8.748
   -8.746   -8.743   -8.743   -8.741   -8.739   -5.429   -5.116   -4.768   -4.666   -0.448
   -0.226    0.263    0.831    2.948    3.075    3.782    4.156    4.185    4.362    4.441
    4.771    7.520    8.009    8.281    8.775    9.919    9.981   10.131   10.172   10.818
   11.320   11.617   11.714   12.160   12.436   12.994   13.235   14.560   14.709   14.919
   15.171   15.353   16.081   16.289   16.695   16.949   17.240   17.433   17.512   18.250
   18.457   18.674   18.902   19.677
            0.431250  0.318750  0.744500
   -8.874   -8.854   -8.850   -8.837   -8.793   -8.792   -8.789   -8.788   -8.785   -8.748
   -8.746   -8.743   -8.743   -8.741   -8.739   -5.432   -5.096   -4.779   -4.671   -0.444
   -0.228    0.237    0.825    2.963    3.105    3.745    4.171    4.202    4.358    4.452
    4.807    7.482    8.009    8.248    8.749    9.928    9.991   10.158   10.200   10.781
   11.324   11.584   11.688   12.194   12.481   12.954   13.230   14.577   14.746   14.988
   15.135   15.365   16.071   16.322   16.664   16.937   17.207   17.400   17.579   18.251
   18.414   18.707   18.902   19.619
            0.425000  0.325000  0.744000
   -8.874   -8.854   -8.850   -8.837   -8.793   -8.792   -8.789   -8.788   -8.785   -8.748
   -8.745   -8.743   -8.743   -8.741   -8.739   -5.435   -5.075   -4.791   -4.676   -0.440
   -0.230    0.213    0.820    2.976    3.136    3.708    4.185    4.219    4.353    4.461
    4.841    7.446    8.010    8.216    8.724    9.935   10.000   10.186   10.229   10.744
   11.328   11.553   11.664   12.230   12.522   12.914   13.224   14.587   14.788   15.044
   15.102   15.382   16.060   16.351   16.639   16.930   17.173   17.369   17.648   18.227
   18.381   18.750   18.901   19.566
            0.418750  0.331250  0.743500
   -8.874   -8.854   -8.850   -8.837   -8.793   -8.793   -8.789   -8.788   -8.785   -8.748
   -8.745   -8.743   -8.743   -8.741   -8.739   -5.437   -5.056   -4.803   -4.680   -0.436
   -0.232    0.190    0.815    2.987    3.168    3.671    4.199    4.234    4.348    4.469
    4.872    7.412    8.012    8.187    8.702    9.942   10.007   10.214   10.257   10.707
   11.332   11.522   11.640   12.267   12.561   12.875   13.220   14.595   14.829   15.038
   15.130   15.399   16.051   16.373   16.623   16.928   17.140   17.343   17.715   18.177
   18.372   18.794   18.902   19.519
            0.412500  0.337500  0.743000
   -8.874   -8.854   -8.850   -8.837   -8.793   -8.793   -8.789   -8.788   -8.785   -8.748
   -8.745   -8.743   -8.743   -8.741   -8.739   -5.439   -5.036   -4.816   -4.684   -0.432
   -0.233    0.169    0.810    2.998    3.201    3.635    4.213    4.247    4.342    4.477
    4.901    7.381    8.014    8.160    8.683    9.949   10.014   10.242   10.283   10.672
   11.337   11.494   11.618   12.304   12.595   12.837   13.215   14.604   14.862   15.008
   15.182   15.416   16.042   16.384   16.621   16.927   17.111   17.325   17.764   18.127
   18.374   18.834   18.904   19.477
            0.406250  0.343750  0.742500
   -8.874   -8.854   -8.850   -8.837   -8.793   -8.793   -8.789   -8.788   -8.786   -8.748
   -8.745   -8.743   -8.742   -8.741   -8.739   -5.441   -5.017   -4.828   -4.687   -0.428
   -0.235    0.151    0.806    3.007    3.235    3.599    4.226    4.258    4.336    4.484
    4.926    7.353    8.016    8.136    8.666    9.954   10.020   10.270   10.307   10.638
   11.342   11.467   11.598   12.341   12.624   12.801   13.212   14.615   14.872   14.994
   15.229   15.431   16.034   16.383   16.632   16.926   17.087   17.316   17.780   18.102
   18.377   18.864   18.912   19.439
            0.400000  0.350000  0.742000
   -8.874   -8.854   -8.850   -8.837   -8.793   -8.793   -8.789   -8.787   -8.786   -8.747
   -8.745   -8.743   -8.742   -8.741   -8.739   -5.442   -4.999   -4.841   -4.690   -0.425
   -0.236    0.136    0.803    3.015    3.269    3.563    4.238    4.268    4.330    4.489
    4.947    7.329    8.019    8.114    8.651    9.959   10.025   10.296   10.329   10.604
   11.347   11.444   11.581   12.378   12.646   12.768   13.209   14.629   14.856   15.005
   15.268   15.444   16.028   16.375   16.656   16.919   17.070   17.318   17.751   18.119
   18.376   18.878   18.931   19.408
            0.393750  0.356250  0.741500
   -8.874   -8.854   -8.850   -8.837   -8.793   -8.793   -8.789   -8.787   -8.786   -8.747
   -8.745   -8.743   -8.742   -8.741   -8.739   -5.443   -4.983   -4.854   -4.692   -0.423
   -0.237    0.123    0.799    3.021    3.303    3.528    4.249    4.275    4.325    4.494
    4.964    7.309    8.022    8.096    8.639    9.963   10.028   10.320   10.350   10.573
   11.352   11.423   11.566   12.413   12.659   12.744   13.207   14.647   14.825   15.026
   15.298   15.454   16.023   16.364   16.685   16.904   17.061   17.335   17.690   18.161
   18.370   18.881   18.952   19.383
            0.387500  0.362500  0.741000
   -8.874   -8.853   -8.850   -8.837   -8.793   -8.793   -8.789   -8.787   -8.786   -8.747
   -8.745   -8.743   -8.742   -8.741   -8.739   -5.444   -4.968   -4.866   -4.694   -0.421
   -0.238    0.114    0.797    3.027    3.338    3.495    4.259    4.279    4.320    4.499
    4.976    7.294    8.025    8.081    8.631    9.966   10.031   10.336   10.370   10.545
   11.358   11.405   11.554   12.445   12.658   12.732   13.206   14.668   14.792   15.045
   15.321   15.462   16.019   16.355   16.717   16.884   17.056   17.369   17.620   18.211
   18.357   18.882   18.968   19.367
            0.381250  0.368750  0.740500
   -8.874   -8.853   -8.851   -8.837   -8.793   -8.793   -8.789   -8.787   -8.787   -8.747
   -8.745   -8.743   -8.742   -8.741   -8.739   -5.444   -4.958   -4.875   -4.695   -0.420
   -0.240    0.108    0.794    3.032    3.369    3.465    4.268    4.279    4.317    4.502
    4.984    7.284    8.028    8.070    8.625    9.968   10.033   10.345   10.388   10.523
   11.364   11.391   11.546   12.471   12.648   12.732   13.206   14.693   14.762   15.058
   15.334   15.467   16.016   16.350   16.744   16.864   17.054   17.416   17.548   18.257
   18.334   18.882   18.976   19.357
            0.375000  0.375000  0.740000
   -8.874   -8.853   -8.851   -8.837   -8.793   -8.793   -8.789   -8.787   -8.787   -8.747
   -8.745   -8.743   -8.742   -8.741   -8.739   -5.443   -4.954   -4.878   -4.696   -0.420
   -0.241    0.105    0.792    3.035    3.387    3.451    4.273    4.278    4.317    4.505
    4.986    7.279    8.029    8.065    8.622    9.969   10.033   10.346   10.395   10.515
   11.366   11.383   11.542   12.483   12.645   12.735   13.206   14.709   14.745   15.065
   15.338   15.468   16.015   16.352   16.757   16.854   17.053   17.461   17.496   18.285
   18.310   18.882   18.976   19.352
            0.356250  0.356250  0.703000
   -8.874   -8.853   -8.851   -8.837   -8.793   -8.793   -8.788   -8.787   -8.787   -8.748
   -8.744   -8.744   -8.742   -8.741   -8.739   -5.463   -4.916   -4.860   -4.717   -0.418
   -0.314    0.058    0.781    3.180    3.390    3.466    4.262    4.263    4.306    4.759
    4.963    7.077    7.971    7.976    8.542   10.072   10.094   10.260   10.392   10.501
   11.343   11.352   11.539   12.561   12.699   12.822   13.016   14.588   14.969   15.234
   15.368   15.543   15.696   16.794   16.904   17.038   17.256   17.637   17.646   17.997
   18.105   18.524   18.951   19.036
            0.337500  0.337500  0.666000
   -8.874   -8.852   -8.852   -8.837   -8.793   -8.793   -8.787   -8.787   -8.787   -8.748
   -8.744   -8.744   -8.741   -8.741   -8.739   -5.470   -4.876   -4.871   -4.733   -0.380
   -0.374    0.038    0.779    3.319    3.330    3.433    4.261    4.262    4.307    4.907
    4.915    6.990    7.943    7.944    8.509   10.132   10.134   10.208   10.442   10.452
   11.332   11.333   11.533   12.668   12.684   12.825   12.917   14.551   15.188   15.213
   15.303   15.587   15.591   16.959   16.963   17.367   17.390   17.417   17.624   18.101
   18.105   18.177   18.948   18.974
            0.318750  0.318750  0.629000
   -8.874   -8.853   -8.851   -8.837   -8.793   -8.793   -8.788   -8.788   -8.787   -8.748
   -8.745   -8.744   -8.742   -8.741   -8.739   -5.466   -4.933   -4.835   -4.720   -0.418
   -0.324    0.061    0.784    3.227    3.294    3.530    4.249    4.259    4.306    4.841
    4.899    7.061    7.941    7.996    8.538   10.088   10.123   10.210   10.358   10.536
   11.331   11.371   11.551   12.509   12.805   12.808   12.949   14.559   15.067   15.253
   15.309   15.551   15.630   16.868   16.915   17.042   17.444   17.500   17.764   18.053
   18.102   18.255   18.873   18.993
            0.300000  0.300000  0.592000
   -8.874   -8.854   -8.851   -8.837   -8.794   -8.793   -8.788   -8.788   -8.786   -8.748
   -8.745   -8.743   -8.742   -8.741   -8.739   -5.450   -5.029   -4.792   -4.693   -0.447
   -0.273    0.144    0.798    3.101    3.178    3.698    4.209    4.223    4.323    4.748
    4.757    7.266    7.956    8.128    8.633   10.022   10.057   10.152   10.242   10.677
   11.327   11.481   11.620   12.311   12.657   12.970   13.055   14.568   15.050   15.112
   15.120   15.460   15.803   16.626   16.825   16.858   17.453   17.535   17.655   18.093
   18.174   18.390   18.966   19.127
            0.281250  0.281250  0.555000
   -8.874   -8.855   -8.850   -8.836   -8.793   -8.792   -8.789   -8.788   -8.784   -8.748
   -8.746   -8.743   -8.743   -8.740   -8.739   -5.424   -5.141   -4.750   -4.660   -0.463
   -0.237    0.286    0.826    2.965    3.047    3.874    4.142    4.151    4.360    4.537
    4.641    7.530    7.979    8.318    8.794    9.946    9.958   10.049   10.125   10.864
   11.308   11.648   11.744   12.131   12.404   13.136   13.180   14.545   14.733   14.778
   15.214   15.403   16.034   16.276   16.844   16.926   17.292   17.526   17.652   18.089
   18.184   18.697   18.941   19.633
            0.262500  0.262500  0.518000
   -8.874   -8.856   -8.850   -8.835   -8.793   -8.792   -8.789   -8.789   -8.783   -8.748
   -8.746   -8.744   -8.743   -8.740   -8.739   -5.399   -5.253   -4.707   -4.626   -0.467
   -0.209    0.452    0.885    2.828    2.913    4.019    4.058    4.085    4.289    4.404
    4.531    7.765    8.020    8.521    8.979    9.861    9.880    9.965   10.034   11.081
   11.285   11.811   11.881   11.985   12.115   13.260   13.265   14.240   14.349   14.822
   15.053   15.604   16.010   16.218   16.931   16.936   17.210   17.649   17.731   18.082
   18.198   18.884   18.940   20.156
            0.243750  0.243750  0.481000
   -8.873   -8.857   -8.851   -8.833   -8.793   -8.791   -8.789   -8.788   -8.782   -8.748
   -8.747   -8.744   -8.743   -8.740   -8.739   -5.443   -5.289   -4.666   -4.592   -0.463
   -0.183    0.582    1.017    2.699    2.785    3.937    3.956    4.031    4.255    4.370
    4.507    7.872    8.115    8.658    9.088    9.820    9.901    9.960    9.992   11.177
   11.403   11.696   11.877   11.974   12.071   13.189   13.246   14.041   14.167   14.749
   15.011   15.670   16.085   16.185   16.909   17.050   17.434   17.831   17.832   18.101
   18.238   18.847   18.934   20.330
            0.225000  0.225000  0.444000
   -8.873   -8.858   -8.852   -8.831   -8.793   -8.792   -8.788   -8.788   -8.780   -8.749
   -8.748   -8.744   -8.743   -8.740   -8.739   -5.563   -5.240   -4.625   -4.559   -0.456
   -0.161    0.639    1.248    2.587    2.671    3.767    3.854    3.866    4.249    4.433
    4.579    7.887    8.184    8.661    9.035    9.801    9.955   10.083   10.170   11.123
   11.474   11.656   11.750   11.946   12.118   13.002   13.154   14.085   14.248   14.464
   15.194   15.590   15.958   16.437   17.107   17.143   17.593   18.031   18.069   18.159
   18.317   18.587   18.945   20.194
            0.206250  0.206250  0.407000
   -8.873   -8.860   -8.854   -8.828   -8.793   -8.792   -8.787   -8.786   -8.779   -8.751
   -8.749   -8.745   -8.743   -8.739   -8.738   -5.691   -5.169   -4.586   -4.527   -0.450
   -0.147    0.643    1.543    2.501    2.581    3.563    3.757    3.765    4.121    4.610
    4.670    7.872    8.165    8.555    8.883    9.754    9.910   10.377   10.471   11.033
   11.399   11.596   11.635   11.921   12.084   13.017   13.195   14.073   14.380   14.451
   15.378   15.527   15.712   16.830   17.220   17.361   17.650   18.186   18.192   18.267
   18.407   18.519   19.003   20.027
            0.187500  0.187500  0.370000
   -8.873   -8.862   -8.857   -8.824   -8.793   -8.793   -8.785   -8.784   -8.777   -8.752
   -8.750   -8.746   -8.742   -8.739   -8.738   -5.817   -5.086   -4.548   -4.496   -0.452
   -0.147    0.614    1.875    2.449    2.523    3.392    3.669    3.676    3.995    4.774
    4.784    7.839    8.083    8.397    8.699    9.681    9.751   10.583   10.685   10.909
   11.403   11.426   11.611   11.714   12.424   13.197   13.360   13.917   14.569   14.693
   15.461   15.510   15.557   17.121   17.383   17.600   17.680   17.774   18.258   18.360
   18.814   18.846   19.131   19.856
            0.168750  0.168750  0.333000
   -8.873   -8.864   -8.859   -8.821   -8.794   -8.793   -8.783   -8.782   -8.776   -8.754
   -8.751   -8.747   -8.741   -8.738   -8.737   -5.937   -4.995   -4.511   -4.467   -0.466
   -0.167    0.557    2.226    2.436    2.513    3.266    3.591    3.598    3.874    4.887
    4.950    7.787    7.973    8.222    8.511    9.459    9.636   10.356   10.535   10.770
   11.242   11.628   11.869   11.936   12.798   13.414   13.586   13.867   14.806   14.941
   15.382   15.394   15.702   17.175   17.416   17.679   17.724   17.848   18.308   18.420
   19.162   19.240   19.401   19.684
            0.150000  0.150000  0.296000
   -8.874   -8.866   -8.862   -8.817   -8.794   -8.794   -8.781   -8.780   -8.775   -8.755
   -8.751   -8.749   -8.740   -8.738   -8.736   -6.048   -4.898   -4.476   -4.439   -0.494
   -0.211    0.479    2.465    2.480    2.660    3.186    3.524    3.531    3.762    5.007
    5.106    7.710    7.860    8.047    8.329    9.151    9.568    9.910   10.148   10.614
   10.996   12.087   12.286   12.373   13.190   13.608   13.839   13.968   15.046   15.111
   15.283   15.386   15.826   17.011   17.332   17.700   18.012   18.039   18.339   18.459
   19.352   19.466   19.776   19.776
            0.131250  0.131250  0.259000
   -8.874   -8.868   -8.865   -8.813   -8.794   -8.794   -8.778   -8.778   -8.773   -8.757
   -8.752   -8.750   -8.740   -8.737   -8.735   -6.149   -4.797   -4.442   -4.412   -0.535
   -0.279    0.386    2.535    2.567    3.020    3.161    3.467    3.474    3.660    5.132
    5.248    7.609    7.750    7.883    8.160    8.836    9.433    9.499    9.732   10.440
   10.716   12.610   12.787   12.863   13.594   13.795   14.107   14.185   15.043   15.145
   15.336   15.579   15.932   16.848   17.377   17.729   18.195   18.210   18.361   18.476
   19.084   19.701   19.712   20.100
            0.112500  0.112500  0.222000
   -8.874   -8.870   -8.867   -8.809   -8.795   -8.795   -8.776   -8.776   -8.772   -8.758
   -8.753   -8.751   -8.739   -8.737   -8.734   -6.238   -4.695   -4.411   -4.388   -0.585
   -0.366    0.286    2.640    2.670    3.130    3.420    3.423    3.453    3.568    5.256
    5.374    7.498    7.631    7.731    7.998    8.529    8.968    9.270    9.511   10.256
   10.428   13.157   13.317   13.377   13.996   14.009   14.380   14.440   14.786   15.170
   15.567   15.808   16.018   16.793   17.446   17.756   18.277   18.331   18.396   18.470
   18.788   19.454   19.574   19.981
            0.093750  0.093750  0.185000
   -8.875   -8.871   -8.870   -8.805   -8.795   -8.795   -8.774   -8.774   -8.771   -8.759
   -8.753   -8.752   -8.738   -8.737   -8.734   -6.315   -4.596   -4.383   -4.366   -0.639
   -0.467    0.189    2.771    2.798    3.154    3.382    3.388    3.490    3.862    5.377
    5.483    7.376    7.505    7.599    7.837    8.237    8.533    8.917    9.478   10.073
   10.160   13.709   13.848   13.898   14.248   14.392   14.487   14.652   14.732   15.226
   15.790   16.021   16.089   16.828   17.533   17.761   18.257   18.406   18.448   18.451
   18.595   19.029   19.481   19.847
            0.075000  0.075000  0.148000
   -8.875   -8.873   -8.872   -8.802   -8.796   -8.796   -8.772   -8.772   -8.770   -8.760
   -8.754   -8.753   -8.738   -8.737   -8.733   -6.379   -4.505   -4.358   -4.347   -0.693
   -0.570    0.102    2.917    2.939    3.191    3.353    3.358    3.424    4.280    5.490
    5.572    7.217    7.393    7.487    7.677    7.964    8.141    8.614    9.475    9.902
    9.932   14.102   14.247   14.393   14.419   14.595   14.760   14.918   14.988   15.314
   15.991   16.152   16.188   16.912   17.618   17.689   18.177   18.375   18.475   18.480
   18.610   18.661   19.396   19.651
            0.056250  0.056250  0.111000
   -8.875   -8.874   -8.874   -8.800   -8.796   -8.796   -8.771   -8.771   -8.770   -8.761
   -8.754   -8.754   -8.737   -8.737   -8.732   -6.430   -4.425   -4.338   -4.331   -0.740
   -0.665    0.030    3.061    3.078    3.232    3.331    3.336    3.373    4.702    5.588
    5.642    6.995    7.319    7.399    7.530    7.721    7.807    8.382    9.490    9.754
    9.756   13.862   14.745   14.829   14.885   14.921   15.077   15.176   15.229   15.424
   16.171   16.219   16.299   17.022   17.526   17.635   18.159   18.253   18.474   18.547
   18.554   18.699   19.319   19.433
            0.037500  0.037500  0.074000
   -8.876   -8.875   -8.875   -8.798   -8.796   -8.796   -8.770   -8.770   -8.769   -8.762
   -8.754   -8.754   -8.737   -8.736   -8.732   -6.466   -4.363   -4.323   -4.320   -0.777
   -0.742   -0.023    3.186    3.196    3.270    3.315    3.320    3.336    5.115    5.665
    5.691    6.716    7.279    7.336    7.407    7.524    7.549    8.221    9.513    9.634
    9.639   13.657   15.158   15.165   15.260   15.279   15.316   15.415   15.433   15.535
   16.262   16.349   16.380   17.117   17.345   17.479   18.213   18.232   18.419   18.643
   18.680   18.819   19.209   19.236
            0.018750  0.018750  0.037000
   -8.876   -8.876   -8.876   -8.797   -8.796   -8.796   -8.769   -8.769   -8.769   -8.762
   -8.755   -8.754   -8.736   -8.736   -8.732   -6.488   -4.324   -4.313   -4.313   -0.801
   -0.792   -0.056    3.272    3.277    3.296    3.306    3.311    3.314    5.500    5.714
    5.721    6.407    7.272    7.299    7.321    7.382    7.387    8.128    9.532    9.563
    9.565   13.525   15.409   15.443   15.490   15.491   15.510   15.586   15.587   15.616
   16.320   16.353   16.582   17.162   17.212   17.263   18.312   18.319   18.391   18.781
   18.813   18.974   18.978   19.145
            0.000000  0.000000  0.000000
   -8.876   -8.876   -8.876   -8.796   -8.796   -8.796   -8.769   -8.769   -8.769   -8.762
   -8.755   -8.755   -8.736   -8.736   -8.732   -6.495   -4.310   -4.310   -4.310   -0.809
   -0.809   -0.067    3.302    3.302    3.302    3.309    3.309    3.309    5.733    5.733
    5.733    6.201    7.290    7.290    7.290    7.322    7.322    8.097    9.540    9.540
    9.540   13.479   15.544   15.544   15.565   15.565   15.565   15.649   15.649   15.649
   16.349   16.349   16.692   17.164   17.164   17.164   18.381   18.381   18.381   18.863
   18.863   18.863   19.115   19.115
