    1.7384   -9.5000
    1.7840   -9.5000

    1.7384   -9.5000
    1.7840   -9.4990

    1.7384   -9.4990
    1.7840   -9.4990

    1.7384   -9.4300
    1.7840   -9.4300

    1.7384   -9.4300
    1.7840   -9.4300

    1.7384   -6.4380
    1.7840   -6.5390

    1.7384   -5.5850
    1.7840   -5.5000

    1.7384   -5.1680
    1.7840   -5.1380

    1.7384   -5.1390
    1.7840   -5.1140

    1.7384   -0.7960
    1.7840   -0.8270

    1.7384   -0.1980
    1.7840   -0.2040

    1.7384    0.2380
    1.7840    0.1590

    1.7384    1.7030
    1.7840    1.8110

    1.7384    1.8500
    1.7840    1.8720

    1.7384    1.8540
    1.7840    2.1310

    1.7384    2.6300
    1.7840    2.5490

    1.7384    2.9410
    1.7840    2.8780

    1.7384    2.9430
    1.7840    2.8820

    1.7384    3.2100
    1.7840    3.1060

    1.7384    4.1320
    1.7840    4.2380

    1.7384    4.2220
    1.7840    4.3560

    1.7384    7.1310
    1.7840    6.9970

    1.7384    7.5230
    1.7840    7.3610

    1.7384    7.6660
    1.7840    7.4960

    1.7384    7.7000
    1.7840    7.5820

    1.7384    8.8120
    1.7840    8.4870

    1.7384    9.0260
    1.7840    8.9550

    1.7384    9.7350
    1.7840    9.2850

    1.7384    9.8430
    1.7840    9.4150

    1.7384   10.0440
    1.7840    9.9090

    1.7384   10.4920
    1.7840   10.3030

    1.7384   10.8740
    1.7840   11.3400

    1.7384   10.9940
    1.7840   11.4450

    1.7384   11.1480
    1.7840   11.6140

    1.7384   11.9390
    1.7840   12.3290

    1.7384   12.4940
    1.7840   12.5010

    1.7384   12.7150
    1.7840   13.0200

    1.7384   12.9310
    1.7840   13.1650

    1.7384   13.7840
    1.7840   13.8240

    1.7384   13.9450
    1.7840   14.1570

    1.7384   14.0570
    1.7840   14.2190

    1.7384   14.7460
    1.7840   14.7090

    1.7384   14.8590
    1.7840   15.0100

    1.7384   16.0000
    1.7840   16.0560

    1.7384   16.4360
    1.7840   16.2110

    1.7384   16.5980
    1.7840   16.5630

    1.7384   16.6550
    1.7840   16.8100

    1.7384   16.9220
    1.7840   17.1790

    1.7384   17.4670
    1.7840   17.5100

    1.7384   17.5110
    1.7840   17.5450

    1.7384   18.1810
    1.7840   18.0240

    1.7384   18.3230
    1.7840   18.5410

    1.7384   18.4790
    1.7840   18.6520

    1.7384   18.5650
    1.7840   18.7920

    1.7384   18.8830
    1.7840   18.9490

    1.7384   19.7620
    1.7840   19.3440

    1.7384   19.9330
    1.7840   19.7710

    1.7384   19.9530
    1.7840   19.9070

    1.7384   20.5300
    1.7840   20.4480

    1.7384   21.1310
    1.7840   20.7860

    1.7384   21.2340
    1.7840   21.2340

    1.7384   21.6250
    1.7840   21.3390

    1.7384   22.4120
    1.7840   22.3200

    1.7384   22.5410
    1.7840   22.4660

