    1.6929   -9.5010
    1.7384   -9.5000

    1.6929   -9.5000
    1.7384   -9.5000

    1.6929   -9.5000
    1.7384   -9.4990

    1.6929   -9.4300
    1.7384   -9.4300

    1.6929   -9.4300
    1.7384   -9.4300

    1.6929   -6.3300
    1.7384   -6.4380

    1.6929   -5.6650
    1.7384   -5.5850

    1.6929   -5.1990
    1.7384   -5.1680

    1.6929   -5.1650
    1.7384   -5.1390

    1.6929   -0.7840
    1.7384   -0.7960

    1.6929   -0.2130
    1.7384   -0.1980

    1.6929    0.2910
    1.7384    0.2380

    1.6929    1.3930
    1.7384    1.7030

    1.6929    1.8310
    1.7384    1.8500

    1.6929    1.8820
    1.7384    1.8540

    1.6929    2.7580
    1.7384    2.6300

    1.6929    3.0140
    1.7384    2.9410

    1.6929    3.0150
    1.7384    2.9430

    1.6929    3.3210
    1.7384    3.2100

    1.6929    4.0320
    1.7384    4.1320

    1.6929    4.0770
    1.7384    4.2220

    1.6929    7.2450
    1.7384    7.1310

    1.6929    7.6270
    1.7384    7.5230

    1.6929    7.8140
    1.7384    7.6660

    1.6929    7.9130
    1.7384    7.7000

    1.6929    9.0340
    1.7384    8.8120

    1.6929    9.1770
    1.7384    9.0260

    1.6929    9.9620
    1.7384    9.7350

    1.6929   10.0060
    1.7384    9.8430

    1.6929   10.1690
    1.7384   10.0440

    1.6929   10.5330
    1.7384   10.4920

    1.6929   10.6800
    1.7384   10.8740

    1.6929   10.8230
    1.7384   10.9940

    1.6929   10.8250
    1.7384   11.1480

    1.6929   11.5720
    1.7384   11.9390

    1.6929   12.4180
    1.7384   12.4940

    1.6929   12.4580
    1.7384   12.7150

    1.6929   12.8690
    1.7384   12.9310

    1.6929   13.5850
    1.7384   13.7840

    1.6929   13.6820
    1.7384   13.9450

    1.6929   14.1890
    1.7384   14.0570

    1.6929   14.6690
    1.7384   14.7460

    1.6929   14.7740
    1.7384   14.8590

    1.6929   15.9450
    1.7384   16.0000

    1.6929   16.3580
    1.7384   16.4360

    1.6929   16.4170
    1.7384   16.5980

    1.6929   16.5610
    1.7384   16.6550

    1.6929   17.0610
    1.7384   16.9220

    1.6929   17.4090
    1.7384   17.4670

    1.6929   17.4470
    1.7384   17.5110

    1.6929   17.9530
    1.7384   18.1810

    1.6929   18.0920
    1.7384   18.3230

    1.6929   18.3430
    1.7384   18.4790

    1.6929   18.3770
    1.7384   18.5650

    1.6929   19.2460
    1.7384   18.8830

    1.6929   19.9730
    1.7384   19.7620

    1.6929   20.0230
    1.7384   19.9330

    1.6929   20.3100
    1.7384   19.9530

    1.6929   20.6280
    1.7384   20.5300

    1.6929   21.1470
    1.7384   21.1310

    1.6929   21.5880
    1.7384   21.2340

    1.6929   21.8290
    1.7384   21.6250

    1.6929   22.0410
    1.7384   22.4120

    1.6929   22.1900
    1.7384   22.5410

