 &plot nbnd=  64, nks=    81 /
            0.000000  0.000000  0.000000
   -9.498   -9.498   -9.498   -9.431   -9.431   -6.948   -5.003   -5.003   -5.003   -1.251
   -0.484   -0.484    2.678    2.678    2.678    2.689    2.689    2.689    4.864    4.864
    4.864    5.979    6.398    6.398    6.398    6.755    7.218    7.218    8.944    8.944
    8.944   13.230   14.048   14.048   14.775   14.775   14.775   14.929   14.929   14.929
   15.750   16.068   16.068   16.233   16.233   16.233   17.183   17.183   17.183   17.546
   17.546   17.546   17.802   18.163   18.163   18.163   18.444   18.444   18.444   18.911
   18.911   19.420   23.454   23.620
            0.025000  0.000000  0.025000
   -9.498   -9.498   -9.498   -9.431   -9.431   -6.944   -5.008   -5.007   -5.003   -1.243
   -0.479   -0.475    2.656    2.675    2.676    2.682    2.687    2.691    4.785    4.852
    4.863    6.035    6.413    6.417    6.421    6.784    7.233    7.239    8.942    8.948
    8.963   13.254   14.000   14.034   14.717   14.743   14.743   14.873   14.885   14.900
   15.719   15.985   15.994   16.238   16.244   16.288   17.110   17.174   17.212   17.528
   17.557   17.623   17.845   18.116   18.189   18.241   18.437   18.488   18.527   18.999
   19.030   19.465   23.315   23.410
            0.050000  0.000000  0.050000
   -9.498   -9.498   -9.498   -9.431   -9.431   -6.932   -5.024   -5.020   -5.002   -1.222
   -0.465   -0.450    2.582    2.663    2.666    2.670    2.682    2.700    4.589    4.815
    4.859    6.159    6.455    6.472    6.490    6.869    7.280    7.304    8.938    8.960
    9.019   13.326   13.875   13.995   14.534   14.651   14.653   14.691   14.775   14.818
   15.647   15.788   15.841   16.239   16.278   16.436   16.924   17.173   17.246   17.516
   17.600   17.718   17.932   18.117   18.210   18.424   18.528   18.618   18.740   19.223
   19.318   19.595   22.930   22.963
            0.075000  0.000000  0.075000
   -9.499   -9.498   -9.498   -9.431   -9.431   -6.912   -5.050   -5.042   -5.000   -1.189
   -0.441   -0.409    2.470    2.641    2.648    2.657    2.675    2.719    4.333    4.754
    4.852    6.287    6.526    6.550    6.612    7.001    7.357    7.421    8.934    8.981
    9.113   13.439   13.703   13.934   14.230   14.385   14.506   14.511   14.631   14.698
   15.482   15.620   15.689   16.225   16.333   16.579   16.748   17.185   17.213   17.587
   17.659   17.663   18.088   18.232   18.253   18.609   18.782   18.814   19.048   19.527
   19.706   19.801   22.452   22.464
            0.100000  0.000000  0.100000
   -9.499   -9.498   -9.498   -9.431   -9.431   -6.884   -5.084   -5.070   -4.999   -1.145
   -0.409   -0.354    2.331    2.610    2.619    2.648    2.669    2.745    4.050    4.671
    4.842    6.399    6.623    6.641    6.778    7.160    7.462    7.598    8.932    9.009
    9.245   13.508   13.571   13.839   13.858   14.013   14.314   14.327   14.474   14.555
   15.200   15.538   15.552   16.204   16.385   16.408   16.846   17.126   17.241   17.619
   17.718   17.737   18.227   18.296   18.460   18.789   19.052   19.111   19.390   19.899
   20.061   20.153   21.966   21.971
            0.125000  0.000000  0.125000
   -9.499   -9.499   -9.499   -9.431   -9.431   -6.848   -5.125   -5.104   -4.998   -1.093
   -0.369   -0.288    2.180    2.571    2.582    2.644    2.667    2.778    3.755    4.566
    4.828    6.504    6.746    6.746    6.962    7.330    7.594    7.838    8.937    9.046
    9.410   13.306   13.402   13.479   13.758   13.853   14.101   14.112   14.308   14.399
   14.899   15.416   15.452   16.117   16.185   16.500   16.830   17.019   17.411   17.694
   17.770   17.925   18.367   18.399   18.676   18.963   19.316   19.471   19.716   20.332
   20.373   20.601   21.491   21.520
            0.150000  0.000000  0.150000
   -9.499   -9.499   -9.499   -9.431   -9.430   -6.805   -5.172   -5.143   -4.998   -1.037
   -0.321   -0.214    2.026    2.527    2.539    2.649    2.673    2.819    3.458    4.442
    4.810    6.604    6.870    6.893    7.149    7.503    7.749    8.136    8.952    9.091
    9.603   12.934   13.052   13.117   13.666   13.831   13.875   14.037   14.153   14.232
   14.604   15.272   15.347   15.843   16.177   16.604   16.703   16.914   17.565   17.822
   17.933   18.134   18.521   18.526   18.882   19.119   19.594   19.840   20.009   20.703
   20.753   20.902   21.104   21.224
            0.175000  0.000000  0.175000
   -9.499   -9.499   -9.499   -9.431   -9.430   -6.754   -5.222   -5.186   -5.001   -0.979
   -0.269   -0.135    1.878    2.478    2.490    2.666    2.691    2.867    3.163    4.300
    4.787    6.701    7.015    7.061    7.329    7.679    7.926    8.477    8.979    9.144
    9.810   12.464   12.587   12.933   13.581   13.604   13.626   13.906   14.053   14.225
   14.386   15.116   15.223   15.570   16.182   16.539   16.662   16.878   17.675   17.868
   18.259   18.349   18.664   18.697   19.068   19.241   19.861   20.173   20.243   20.626
   20.637   21.067   21.311   21.317
            0.200000  0.000000  0.200000
   -9.500   -9.499   -9.499   -9.430   -9.430   -6.696   -5.274   -5.230   -5.007   -0.921
   -0.213   -0.056    1.744    2.427    2.438    2.694    2.724    2.879    2.921    4.145
    4.759    6.795    7.180    7.249    7.500    7.863    8.121    8.842    9.031    9.205
   10.017   11.995   12.121   12.765   13.362   13.372   13.517   13.683   13.862   14.032
   14.546   14.945   15.089   15.308   16.195   16.361   16.594   17.002   17.772   17.896
   18.553   18.560   18.800   18.933   19.223   19.304   19.982   20.225   20.304   20.564
   20.626   21.093   21.240   21.332
            0.225000  0.000000  0.225000
   -9.500   -9.499   -9.499   -9.430   -9.430   -6.632   -5.327   -5.275   -5.017   -0.865
   -0.157    0.021    1.630    2.374    2.382    2.580    2.764    2.774    2.982    3.977
    4.725    6.889    7.360    7.455    7.661    8.062    8.332    9.047    9.274    9.279
   10.206   11.534   11.663   12.614   13.118   13.127   13.419   13.471   13.658   13.837
   14.714   14.755   14.999   15.064   16.176   16.194   16.514   17.200   17.857   17.897
   18.724   18.757   18.915   19.258   19.285   19.310   19.838   20.032   20.492   20.561
   20.836   21.037   21.159   21.253
            0.250000  0.000000  0.250000
   -9.500   -9.499   -9.499   -9.430   -9.430   -6.561   -5.379   -5.320   -5.033   -0.813
   -0.102    0.092    1.539    2.279    2.322    2.360    2.831    2.844    3.049    3.801
    4.684    6.982    7.541    7.677    7.820    8.272    8.555    9.122    9.351    9.685
   10.360   11.087   11.223   12.477   12.871   12.902   13.157   13.357   13.441   13.755
   14.542   14.655   14.842   15.126   15.986   16.137   16.493   17.440   17.862   17.923
   18.766   18.913   18.993   19.195   19.214   19.611   19.886   19.900   20.399   20.687
   20.975   21.058   21.165   21.287
            0.275000  0.000000  0.275000
   -9.500   -9.499   -9.499   -9.430   -9.430   -6.485   -5.429   -5.364   -5.055   -0.763
   -0.053    0.156    1.474    2.033    2.272    2.291    2.924    2.935    3.122    3.619
    4.637    7.079    7.704    7.914    7.997    8.491    8.786    9.206    9.436   10.097
   10.463   10.661   10.821   12.348   12.644   12.691   12.888   13.172   13.211   13.813
   14.311   14.499   14.645   15.346   15.797   16.027   16.544   17.712   17.798   17.963
   18.692   18.931   19.050   19.069   19.125   19.748   19.856   20.242   20.292   20.839
   20.869   21.247   21.269   21.453
            0.300000  0.000000  0.300000
   -9.501   -9.499   -9.499   -9.430   -9.430   -6.403   -5.476   -5.405   -5.084   -0.716
   -0.009    0.210    1.438    1.783    2.224    2.240    3.036    3.044    3.200    3.432
    4.583    7.177    7.833    8.161    8.203    8.702    9.014    9.303    9.530   10.269
   10.370   10.474   10.629   12.200   12.462   12.492   12.644   12.951   12.968   13.921
   14.069   14.364   14.459   15.565   15.611   15.897   16.632   17.683   17.961   18.043
   18.563   18.835   18.944   18.988   19.163   19.563   20.084   20.300   20.663   20.797
   20.982   21.322   21.387   21.452
            0.325000  0.000000  0.325000
   -9.501   -9.500   -9.500   -9.430   -9.430   -6.317   -5.519   -5.443   -5.122   -0.670
    0.030    0.254    1.430    1.544    2.180    2.194    3.166    3.170    3.244    3.282
    4.521    7.276    7.928    8.413    8.432    8.877    9.204    9.416    9.632    9.950
   10.103   10.566   10.877   12.010   12.267   12.347   12.491   12.717   12.727   13.826
   13.895   14.277   14.417   15.433   15.701   15.837   16.746   17.569   17.902   18.389
   18.464   18.710   18.829   18.898   19.142   19.365   20.327   20.345   20.664   20.945
   20.999   21.221   21.509   21.625
            0.350000  0.000000  0.350000
   -9.501   -9.500   -9.500   -9.430   -9.430   -6.227   -5.557   -5.478   -5.168   -0.624
    0.063    0.290    1.313    1.455    2.140    2.154    3.056    3.308    3.309    3.370
    4.454    7.375    7.995    8.649    8.654    8.974    9.239    9.552    9.742    9.842
    9.948   10.575   11.093   11.796   12.017   12.259   12.366   12.482   12.634   13.587
   13.713   14.095   14.661   15.271   15.596   16.009   16.880   17.458   17.799   18.417
   18.574   18.721   18.748   18.779   19.077   19.189   20.088   20.462   20.579   21.013
   21.162   21.623   21.639   21.795
            0.375000  0.000000  0.375000
   -9.501   -9.500   -9.500   -9.430   -9.430   -6.135   -5.590   -5.508   -5.223   -0.578
    0.093    0.316    1.103    1.500    2.105    2.119    2.871    3.443    3.459    3.470
    4.380    7.471    8.035    8.710    8.770    9.090    9.186    9.705    9.863    9.976
    9.988   10.573   11.150   11.578   11.766   12.082   12.125   12.360   12.837   13.353
   13.488   13.909   14.957   15.129   15.476   16.192   17.028   17.368   17.682   18.398
   18.456   18.553   18.626   18.971   19.019   19.197   19.593   20.432   20.817   21.182
   21.302   21.735   21.956   22.032
            0.400000  0.000000  0.400000
   -9.501   -9.500   -9.500   -9.430   -9.430   -6.043   -5.616   -5.533   -5.285   -0.532
    0.123    0.336    0.910    1.570    2.076    2.089    2.690    3.547    3.601    3.607
    4.301    7.560    8.049    8.580    8.615    9.333    9.369    9.861    9.992   10.135
   10.211   10.576   11.089   11.365   11.523   11.815   11.852   12.345   13.129   13.156
   13.297   13.730   15.013   15.241   15.375   16.362   17.146   17.356   17.576   18.304
   18.360   18.383   18.554   18.837   18.914   19.118   19.644   20.303   21.007   21.360
   21.478   21.798   22.121   22.383
            0.425000  0.000000  0.425000
   -9.501   -9.500   -9.500   -9.430   -9.430   -5.952   -5.634   -5.553   -5.355   -0.487
    0.157    0.350    0.735    1.660    2.053    2.066    2.514    3.643    3.729    3.742
    4.217    7.628    8.040    8.404    8.428    9.612    9.641   10.024   10.131   10.336
   10.436   10.596   10.969   11.157   11.291   11.526   11.571   12.363   12.922   13.002
   13.559   13.653   14.924   15.285   15.453   16.526   17.143   17.491   17.515   18.061
   18.252   18.360   18.512   18.629   18.724   18.938   19.983   20.138   21.123   21.486
   21.713   21.889   22.270   22.445
            0.450000  0.000000  0.450000
   -9.502   -9.500   -9.500   -9.430   -9.429   -5.869   -5.640   -5.567   -5.430   -0.447
    0.200    0.359    0.581    1.767    2.036    2.049    2.346    3.738    3.834    3.852
    4.129    7.660    8.033    8.229    8.312    9.897    9.932   10.200   10.280   10.520
   10.632   10.646   10.820   10.957   11.071   11.239   11.298   12.390   12.746   12.799
   13.417   14.106   14.861   15.224   15.500   16.711   17.113   17.429   17.708   17.868
   18.151   18.332   18.441   18.493   18.552   18.847   19.736   20.522   21.185   21.533
   21.980   22.047   22.392   22.555
            0.475000  0.000000  0.475000
   -9.502   -9.500   -9.500   -9.430   -9.429   -5.807   -5.625   -5.576   -5.506   -0.419
    0.258    0.364    0.451    1.889    2.026    2.038    2.188    3.830    3.905    3.925
    4.039    7.655    8.054    8.116    8.231   10.173   10.224   10.391   10.437   10.620
   10.645   10.740   10.756   10.757   10.856   10.994   11.063   12.406   12.631   12.651
   13.318   14.539   14.823   15.186   15.360   16.918   17.101   17.391   17.534   18.063
   18.101   18.310   18.363   18.428   18.487   18.689   19.506   20.930   21.216   21.483
   22.220   22.232   22.468   22.482
            0.500000  0.000000  0.500000
   -9.502   -9.500   -9.500   -9.430   -9.429   -5.784   -5.579   -5.579   -5.575   -0.409
    0.319    0.365    0.365    2.000    2.023    2.023    2.077    3.887    3.951    3.951
    3.963    7.647    8.077    8.077    8.193   10.396   10.452   10.452   10.557   10.565
   10.574   10.673   10.674   10.674   10.843   10.930   10.930   12.405   12.595   12.595
   13.276   14.811   14.811   15.147   15.205   17.023   17.142   17.379   17.379   18.050
   18.302   18.302   18.353   18.406   18.486   18.486   19.422   21.225   21.225   21.330
   22.279   22.367   22.478   22.478
            0.500000  0.012500  0.512500
   -9.502   -9.500   -9.500   -9.430   -9.429   -5.787   -5.599   -5.576   -5.554   -0.412
    0.301    0.365    0.380    1.979    2.008    2.052    2.101    3.878    3.930    3.957
    3.981    7.647    8.074    8.078    8.198   10.311   10.422   10.449   10.476   10.557
   10.614   10.666   10.695   10.738   10.847   10.954   10.980   12.411   12.602   12.610
   13.287   14.785   14.787   15.167   15.226   16.995   17.124   17.377   17.382   18.045
   18.255   18.287   18.360   18.404   18.511   18.568   19.445   21.162   21.211   21.378
   22.273   22.329   22.434   22.489
            0.500000  0.025000  0.525000
   -9.502   -9.500   -9.500   -9.430   -9.429   -5.794   -5.620   -5.567   -5.532   -0.421
    0.266    0.363    0.402    1.957    1.987    2.098    2.146    3.857    3.901    3.969
    4.001    7.646    8.070    8.084    8.212   10.171   10.316   10.377   10.404   10.542
   10.623   10.705   10.729   10.812   10.875   11.021   11.091   12.430   12.624   12.652
   13.314   14.720   14.725   15.209   15.272   16.927   17.079   17.365   17.381   18.003
   18.200   18.258   18.383   18.446   18.577   18.704   19.504   21.060   21.170   21.430
   22.226   22.243   22.381   22.504
            0.500000  0.037500  0.537500
   -9.502   -9.500   -9.500   -9.430   -9.429   -5.806   -5.641   -5.553   -5.509   -0.436
    0.226    0.359    0.422    1.942    1.971    2.152    2.202    3.830    3.869    3.981
    4.017    7.644    8.064    8.093    8.230   10.021   10.171   10.293   10.333   10.523
   10.598   10.758   10.767   10.870   10.922   11.116   11.222   12.463   12.660   12.720
   13.356   14.638   14.644   15.254   15.324   16.844   17.021   17.334   17.364   17.904
   18.135   18.287   18.432   18.513   18.665   18.854   19.593   20.954   21.110   21.435
   22.125   22.137   22.323   22.519
            0.500000  0.050000  0.550000
   -9.502   -9.500   -9.500   -9.430   -9.429   -5.820   -5.661   -5.537   -5.487   -0.456
    0.182    0.355    0.438    1.932    1.963    2.215    2.266    3.799    3.835    3.991
    4.031    7.642    8.061    8.103    8.251    9.871   10.026   10.204   10.251   10.503
   10.569   10.800   10.811   10.915   10.969   11.223   11.356   12.512   12.710   12.812
   13.415   14.548   14.557   15.290   15.368   16.763   16.962   17.288   17.329   17.787
   18.044   18.366   18.503   18.593   18.768   19.013   19.706   20.849   21.036   21.368
   22.002   22.030   22.223   22.513
            0.500000  0.062500  0.562500
   -9.502   -9.500   -9.500   -9.430   -9.429   -5.835   -5.681   -5.518   -5.464   -0.481
    0.137    0.349    0.451    1.929    1.962    2.284    2.336    3.765    3.798    3.999
    4.040    7.639    8.061    8.115    8.271    9.724    9.887   10.111   10.161   10.483
   10.542   10.840   10.855   10.950   11.010   11.331   11.484   12.576   12.771   12.924
   13.488   14.456   14.471   15.309   15.394   16.695   16.909   17.230   17.283   17.669
   17.941   18.465   18.587   18.680   18.879   19.181   19.835   20.748   20.955   21.229
   21.851   21.939   22.098   22.461
            0.500000  0.075000  0.575000
   -9.502   -9.500   -9.500   -9.430   -9.429   -5.850   -5.699   -5.498   -5.442   -0.509
    0.090    0.343    0.460    1.931    1.966    2.360    2.413    3.729    3.760    4.004
    4.047    7.635    8.065    8.125    8.287    9.587    9.756   10.017   10.067   10.464
   10.518   10.879   10.898   10.975   11.045   11.435   11.604   12.656   12.844   13.052
   13.572   14.367   14.395   15.309   15.396   16.644   16.860   17.164   17.236   17.562
   17.837   18.570   18.677   18.769   18.993   19.355   19.977   20.654   20.868   21.046
   21.675   21.849   21.979   22.380
            0.500000  0.087500  0.587500
   -9.502   -9.500   -9.500   -9.430   -9.429   -5.866   -5.717   -5.478   -5.421   -0.540
    0.043    0.337    0.467    1.938    1.977    2.441    2.494    3.691    3.720    4.005
    4.050    7.629    8.072    8.134    8.297    9.463    9.639    9.922    9.970   10.446
   10.497   10.920   10.938   10.992   11.074   11.532   11.714   12.748   12.925   13.192
   13.657   14.285   14.339   15.291   15.372   16.607   16.808   17.093   17.196   17.473
   17.736   18.672   18.766   18.856   19.103   19.530   20.125   20.569   20.767   20.860
   21.483   21.747   21.876   22.282
            0.500000  0.100000  0.600000
   -9.502   -9.500   -9.500   -9.430   -9.430   -5.882   -5.734   -5.457   -5.400   -0.573
   -0.004    0.330    0.471    1.948    1.991    2.527    2.580    3.652    3.679    4.003
    4.049    7.620    8.082    8.139    8.296    9.357    9.536    9.828    9.874   10.428
   10.481   10.960   10.975   11.001   11.097   11.622   11.814   12.850   13.012   13.332
   13.723   14.218   14.324   15.255   15.324   16.573   16.743   17.020   17.170   17.412
   17.648   18.765   18.846   18.940   19.202   19.695   20.270   20.496   20.609   20.750
   21.291   21.637   21.784   22.177
            0.500000  0.112500  0.612500
   -9.501   -9.500   -9.500   -9.430   -9.430   -5.896   -5.749   -5.437   -5.380   -0.606
   -0.050    0.323    0.473    1.962    2.010    2.616    2.669    3.612    3.637    3.997
    4.044    7.608    8.096    8.142    8.283    9.271    9.450    9.735    9.777   10.412
   10.470   10.994   11.003   11.015   11.115   11.707   11.905   12.959   13.102   13.458
   13.746   14.184   14.374   15.209   15.261   16.527   16.661   16.949   17.156   17.381
   17.590   18.837   18.911   19.020   19.281   19.825   20.369   20.443   20.472   20.721
   21.116   21.529   21.699   22.071
            0.500000  0.125000  0.625000
   -9.501   -9.500   -9.500   -9.430   -9.430   -5.910   -5.764   -5.417   -5.361   -0.640
   -0.094    0.316    0.474    1.980    2.032    2.708    2.760    3.572    3.596    3.988
    4.035    7.589    8.110    8.142    8.259    9.210    9.382    9.645    9.682   10.397
   10.463   10.996   11.036   11.046   11.132   11.786   11.989   13.073   13.192   13.541
   13.724   14.208   14.488   15.156   15.190   16.454   16.567   16.883   17.140   17.384
   17.573   18.873   18.948   19.094   19.328   19.878   20.319   20.392   20.516   20.794
   20.974   21.427   21.617   21.968
            0.500000  0.137500  0.637500
   -9.501   -9.500   -9.500   -9.430   -9.430   -5.923   -5.777   -5.399   -5.343   -0.673
   -0.135    0.309    0.473    1.999    2.055    2.802    2.852    3.532    3.554    3.974
    4.022    7.564    8.115    8.138    8.235    9.170    9.330    9.557    9.589   10.383
   10.460   10.990   11.060   11.081   11.148   11.861   12.064   13.187   13.277   13.567
   13.676   14.304   14.644   15.101   15.116   16.348   16.470   16.823   17.104   17.423
   17.599   18.858   18.935   19.163   19.341   19.860   20.263   20.374   20.593   20.867
   20.956   21.337   21.542   21.871
            0.500000  0.150000  0.650000
   -9.501   -9.500   -9.500   -9.430   -9.430   -5.935   -5.789   -5.381   -5.327   -0.704
   -0.174    0.303    0.472    2.019    2.080    2.896    2.945    3.493    3.515    3.957
    4.005    7.532    8.086    8.143    8.232    9.149    9.293    9.475    9.500   10.371
   10.461   10.980   11.073   11.117   11.168   11.933   12.133   13.286   13.352   13.561
   13.626   14.458   14.824   15.049   15.052   16.219   16.367   16.771   17.055   17.496
   17.655   18.785   18.847   19.221   19.337   19.840   20.223   20.382   20.623   20.896
   21.124   21.265   21.478   21.790
            0.500000  0.162500  0.662500
   -9.501   -9.500   -9.500   -9.430   -9.430   -5.946   -5.800   -5.365   -5.312   -0.734
   -0.209    0.297    0.470    2.040    2.105    2.989    3.037    3.456    3.477    3.935
    3.984    7.494    8.032    8.153    8.250    9.142    9.266    9.396    9.418   10.361
   10.465   10.968   11.078   11.151   11.190   12.003   12.197   13.330   13.407   13.567
   13.606   14.643   14.943   15.011   15.067   16.079   16.258   16.726   17.005   17.589
   17.727   18.645   18.702   19.250   19.340   19.843   20.203   20.400   20.589   21.015
   21.208   21.294   21.432   21.743
            0.500000  0.175000  0.675000
   -9.501   -9.500   -9.500   -9.430   -9.430   -5.955   -5.809   -5.351   -5.299   -0.760
   -0.240    0.292    0.468    2.061    2.130    3.080    3.127    3.421    3.442    3.908
    3.958    7.453    7.969    8.165    8.278    9.143    9.242    9.319    9.352   10.353
   10.471   10.954   11.077   11.183   11.213   12.070   12.254   13.308   13.397   13.628
   13.643   14.835   14.911   14.986   15.256   15.935   16.143   16.691   16.961   17.694
   17.805   18.446   18.534   19.229   19.361   19.866   20.207   20.402   20.567   21.101
   21.214   21.369   21.439   21.781
            0.500000  0.187500  0.687500
   -9.501   -9.500   -9.500   -9.430   -9.430   -5.964   -5.817   -5.339   -5.287   -0.784
   -0.267    0.287    0.465    2.081    2.153    3.166    3.214    3.390    3.412    3.877
    3.929    7.411    7.908    8.180    8.312    9.146    9.208    9.246    9.313   10.347
   10.479   10.941   11.072   11.210   11.233   12.133   12.306   13.258   13.345   13.690
   13.733   14.866   14.959   15.060   15.456   15.797   16.028   16.667   16.929   17.801
   17.879   18.221   18.353   19.172   19.382   19.904   20.226   20.380   20.570   21.123
   21.238   21.368   21.498   21.925
            0.500000  0.200000  0.700000
   -9.501   -9.500   -9.500   -9.430   -9.430   -5.970   -5.823   -5.328   -5.278   -0.803
   -0.289    0.283    0.463    2.098    2.173    3.243    3.297    3.363    3.391    3.840
    3.895    7.372    7.852    8.196    8.347    9.145    9.161    9.188    9.300   10.343
   10.488   10.928   11.067   11.234   11.251   12.193   12.350   13.204   13.288   13.741
   13.831   14.847   14.971   15.248   15.573   15.723   15.933   16.659   16.914   17.861
   17.942   18.004   18.198   19.096   19.394   19.949   20.246   20.359   20.575   21.141
   21.226   21.369   21.562   22.119
            0.500000  0.212500  0.712500
   -9.501   -9.500   -9.500   -9.430   -9.430   -5.975   -5.828   -5.320   -5.270   -0.819
   -0.307    0.280    0.462    2.113    2.191    3.295    3.340    3.375    3.393    3.800
    3.859    7.339    7.807    8.212    8.381    9.106    9.121    9.171    9.299   10.340
   10.497   10.916   11.061   11.253   11.266   12.248   12.385   13.154   13.235   13.781
   13.917   14.849   14.994   15.424   15.480   15.736   15.959   16.675   16.916   17.721
   17.812   18.050   18.158   19.010   19.394   19.994   20.249   20.362   20.571   21.136
   21.230   21.377   21.610   22.305
            0.500000  0.225000  0.725000
   -9.501   -9.500   -9.500   -9.430   -9.430   -5.979   -5.832   -5.314   -5.265   -0.830
   -0.320    0.278    0.460    2.125    2.204    3.307    3.324    3.428    3.445    3.757
    3.824    7.313    7.772    8.226    8.410    9.060    9.088    9.173    9.301   10.338
   10.504   10.907   11.056   11.267   11.276   12.293   12.409   13.114   13.192   13.808
   13.982   14.876   15.024   15.363   15.559   15.671   16.082   16.731   16.942   17.505
   17.635   18.136   18.198   18.925   19.388   20.034   20.237   20.382   20.562   21.100
   21.268   21.388   21.648   22.210
            0.500000  0.237500  0.737500
   -9.501   -9.501   -9.500   -9.430   -9.430   -5.981   -5.834   -5.310   -5.262   -0.837
   -0.328    0.276    0.460    2.132    2.212    3.304    3.314    3.468    3.500    3.718
    3.796    7.296    7.751    8.235    8.430    9.030    9.066    9.175    9.303   10.337
   10.509   10.901   11.053   11.276   11.282   12.325   12.422   13.089   13.164   13.824
   14.023   14.922   15.042   15.275   15.569   15.690   16.170   16.837   16.980   17.306
   17.477   18.184   18.254   18.857   19.380   20.062   20.226   20.399   20.555   21.068
   21.304   21.396   21.679   22.133
            0.500000  0.250000  0.750000
   -9.501   -9.501   -9.500   -9.430   -9.430   -5.982   -5.835   -5.309   -5.261   -0.839
   -0.330    0.276    0.459    2.134    2.215    3.302    3.311    3.485    3.524    3.699
    3.785    7.291    7.744    8.238    8.437    9.019    9.059    9.176    9.304   10.337
   10.511   10.899   11.052   11.279   11.284   12.337   12.426   13.080   13.154   13.830
   14.036   14.955   15.036   15.244   15.547   15.719   16.198   16.949   16.967   17.205
   17.407   18.199   18.281   18.829   19.378   20.072   20.222   20.405   20.553   21.056
   21.318   21.398   21.693   22.103
            0.493750  0.256250  0.749500
   -9.501   -9.501   -9.500   -9.430   -9.430   -5.977   -5.827   -5.316   -5.266   -0.844
   -0.336    0.252    0.438    2.157    2.238    3.318    3.328    3.472    3.549    3.703
    3.793    7.273    7.733    8.217    8.414    9.018    9.061    9.179    9.304   10.314
   10.494   10.941   11.091   11.240   11.259   12.353   12.427   13.124   13.197   13.831
   14.053   14.932   15.042   15.240   15.554   15.708   16.167   16.905   16.948   17.207
   17.398   18.203   18.282   18.797   19.351   20.023   20.193   20.383   20.539   21.023
   21.364   21.370   21.726   22.114
            0.487500  0.262500  0.749000
   -9.501   -9.501   -9.500   -9.430   -9.430   -5.974   -5.817   -5.322   -5.272   -0.848
   -0.340    0.225    0.421    2.180    2.262    3.333    3.345    3.447    3.583    3.705
    3.808    7.253    7.721    8.192    8.384    9.023    9.072    9.183    9.307   10.284
   10.483   10.980   11.127   11.196   11.246   12.359   12.423   13.176   13.250   13.821
   14.080   14.893   15.038   15.255   15.569   15.702   16.134   16.853   16.928   17.220
   17.400   18.200   18.274   18.754   19.337   19.963   20.147   20.370   20.538   20.996
   21.349   21.408   21.768   22.121
            0.481250  0.268750  0.748500
   -9.501   -9.501   -9.500   -9.430   -9.430   -5.973   -5.804   -5.328   -5.278   -0.852
   -0.345    0.195    0.407    2.203    2.285    3.341    3.363    3.426    3.614    3.705
    3.828    7.231    7.709    8.162    8.351    9.031    9.093    9.189    9.311   10.251
   10.477   11.013   11.143   11.151   11.257   12.353   12.418   13.233   13.315   13.804
   14.112   14.842   15.030   15.279   15.581   15.712   16.100   16.798   16.903   17.241
   17.411   18.187   18.261   18.704   19.336   19.892   20.084   20.368   20.545   20.974
   21.332   21.449   21.815   22.124
            0.475000  0.275000  0.748000
   -9.501   -9.501   -9.500   -9.430   -9.430   -5.974   -5.790   -5.335   -5.284   -0.855
   -0.348    0.164    0.396    2.226    2.309    3.336    3.380    3.417    3.640    3.706
    3.853    7.208    7.697    8.129    8.316    9.040    9.120    9.196    9.316   10.216
   10.474   11.039   11.105   11.138   11.296   12.335   12.415   13.291   13.388   13.784
   14.145   14.786   15.020   15.307   15.577   15.746   16.066   16.742   16.874   17.266
   17.432   18.157   18.249   18.651   19.343   19.811   20.012   20.376   20.556   20.958
   21.320   21.486   21.865   22.128
            0.468750  0.281250  0.747500
   -9.501   -9.501   -9.500   -9.430   -9.430   -5.975   -5.774   -5.342   -5.290   -0.858
   -0.351    0.132    0.387    2.248    2.333    3.315    3.396    3.423    3.659    3.709
    3.881    7.183    7.685    8.094    8.280    9.050    9.153    9.205    9.322   10.179
   10.474   11.049   11.061   11.134   11.348   12.308   12.414   13.349   13.467   13.766
   14.177   14.725   15.009   15.336   15.562   15.799   16.034   16.687   16.843   17.294
   17.460   18.106   18.240   18.601   19.355   19.722   19.936   20.392   20.570   20.948
   21.313   21.517   21.914   22.135
            0.462500  0.287500  0.747000
   -9.501   -9.501   -9.500   -9.430   -9.430   -5.977   -5.758   -5.349   -5.295   -0.861
   -0.353    0.100    0.380    2.269    2.358    3.286    3.413    3.436    3.670    3.716
    3.913    7.157    7.673    8.058    8.244    9.061    9.189    9.215    9.331   10.142
   10.474   11.013   11.040   11.148   11.405   12.275   12.413   13.408   13.544   13.753
   14.207   14.664   14.998   15.365   15.542   15.860   16.008   16.633   16.811   17.321
   17.495   18.039   18.234   18.553   19.364   19.630   19.857   20.413   20.586   20.942
   21.308   21.544   21.956   22.151
            0.456250  0.293750  0.746500
   -9.501   -9.501   -9.500   -9.430   -9.430   -5.980   -5.741   -5.357   -5.301   -0.864
   -0.354    0.068    0.373    2.289    2.383    3.254    3.429    3.453    3.674    3.726
    3.947    7.129    7.662    8.022    8.209    9.072    9.217    9.235    9.341   10.105
   10.476   10.968   11.013   11.175   11.464   12.240   12.412   13.464   13.610   13.756
   14.235   14.604   14.987   15.392   15.521   15.909   16.005   16.580   16.781   17.348
   17.533   17.963   18.229   18.509   19.357   19.549   19.778   20.437   20.605   20.941
   21.305   21.565   21.986   22.181
            0.450000  0.300000  0.746000
   -9.501   -9.501   -9.500   -9.430   -9.430   -5.982   -5.724   -5.365   -5.307   -0.866
   -0.355    0.037    0.367    2.308    2.410    3.220    3.444    3.471    3.674    3.738
    3.982    7.101    7.650    7.988    8.175    9.084    9.229    9.271    9.353   10.068
   10.479   10.923   10.982   11.206   11.522   12.202   12.410   13.515   13.647   13.793
   14.260   14.547   14.976   15.410   15.508   15.915   16.050   16.529   16.754   17.374
   17.567   17.888   18.224   18.468   19.307   19.506   19.698   20.464   20.624   20.944
   21.303   21.580   22.003   22.224
            0.443750  0.306250  0.745500
   -9.501   -9.501   -9.500   -9.430   -9.430   -5.985   -5.706   -5.373   -5.312   -0.868
   -0.355    0.007    0.362    2.325    2.438    3.185    3.459    3.488    3.671    3.749
    4.017    7.072    7.638    7.956    8.143    9.097    9.238    9.311    9.369   10.031
   10.482   10.880   10.948   11.239   11.579   12.164   12.408   13.552   13.671   13.857
   14.279   14.495   14.966   15.408   15.514   15.903   16.117   16.480   16.733   17.398
   17.582   17.830   18.218   18.429   19.215   19.501   19.622   20.492   20.644   20.952
   21.301   21.591   22.012   22.271
            0.437500  0.312500  0.745000
   -9.501   -9.501   -9.501   -9.430   -9.430   -5.987   -5.689   -5.382   -5.317   -0.870
   -0.354   -0.022    0.357    2.341    2.467    3.150    3.474    3.506    3.668    3.759
    4.051    7.044    7.627    7.927    8.112    9.110    9.245    9.348    9.389    9.994
   10.486   10.837   10.915   11.273   11.635   12.125   12.406   13.566   13.707   13.929
   14.287   14.456   14.956   15.388   15.539   15.892   16.182   16.434   16.721   17.417
   17.558   17.817   18.211   18.392   19.105   19.491   19.565   20.520   20.664   20.964
   21.298   21.598   22.018   22.314
            0.431250  0.318750  0.744500
   -9.501   -9.501   -9.501   -9.430   -9.430   -5.990   -5.672   -5.391   -5.321   -0.872
   -0.352   -0.050    0.353    2.355    2.497    3.115    3.488    3.522    3.664    3.768
    4.084    7.016    7.615    7.902    8.083    9.123    9.250    9.381    9.416    9.958
   10.491   10.795   10.881   11.308   11.688   12.086   12.403   13.564   13.755   13.999
   14.278   14.435   14.947   15.360   15.571   15.886   16.235   16.393   16.724   17.411
   17.519   17.843   18.203   18.356   18.990   19.433   19.560   20.549   20.682   20.980
   21.292   21.603   22.022   22.343
            0.425000  0.325000  0.744000
   -9.501   -9.501   -9.501   -9.430   -9.430   -5.992   -5.654   -5.401   -5.326   -0.873
   -0.350   -0.077    0.349    2.367    2.527    3.080    3.502    3.538    3.659    3.776
    4.115    6.989    7.602    7.881    8.054    9.136    9.254    9.409    9.448    9.923
   10.497   10.756   10.848   11.344   11.737   12.048   12.401   13.557   13.808   14.062
   14.253   14.435   14.939   15.329   15.607   15.889   16.264   16.361   16.742   17.356
   17.514   17.888   18.191   18.324   18.874   19.357   19.575   20.578   20.697   21.000
   21.282   21.607   22.024   22.355
            0.418750  0.331250  0.743500
   -9.501   -9.501   -9.501   -9.430   -9.430   -5.994   -5.638   -5.411   -5.329   -0.874
   -0.346   -0.102    0.345    2.379    2.559    3.045    3.515    3.553    3.654    3.783
    4.143    6.963    7.589    7.865    8.028    9.149    9.257    9.435    9.482    9.888
   10.503   10.719   10.816   11.381   11.783   12.011   12.399   13.548   13.860   14.112
   14.225   14.447   14.931   15.297   15.644   15.900   16.260   16.348   16.774   17.281
   17.530   17.936   18.176   18.295   18.761   19.279   19.592   20.606   20.711   21.023
   21.269   21.611   22.025   22.355
            0.412500  0.337500  0.743000
   -9.501   -9.501   -9.501   -9.430   -9.430   -5.995   -5.621   -5.422   -5.332   -0.875
   -0.342   -0.125    0.341    2.389    2.592    3.010    3.528    3.566    3.649    3.789
    4.169    6.940    7.576    7.853    8.003    9.161    9.257    9.461    9.515    9.854
   10.509   10.685   10.785   11.418   11.822   11.977   12.397   13.541   13.908   14.134
   14.217   14.463   14.925   15.266   15.682   15.919   16.232   16.345   16.806   17.219
   17.550   17.982   18.160   18.270   18.655   19.202   19.609   20.634   20.721   21.046
   21.251   21.617   22.025   22.350
            0.406250  0.343750  0.742500
   -9.501   -9.501   -9.501   -9.430   -9.430   -5.997   -5.606   -5.432   -5.335   -0.876
   -0.338   -0.146    0.338    2.398    2.625    2.975    3.540    3.577    3.643    3.795
    4.191    6.918    7.564    7.846    7.980    9.172    9.257    9.488    9.544    9.821
   10.515   10.656   10.756   11.454   11.851   11.950   12.395   13.535   13.950   14.124
   14.237   14.480   14.919   15.237   15.721   15.946   16.200   16.340   16.814   17.192
   17.567   18.014   18.150   18.247   18.560   19.126   19.624   20.660   20.731   21.068
   21.232   21.624   22.022   22.344
            0.400000  0.350000  0.742000
   -9.501   -9.501   -9.501   -9.430   -9.430   -5.998   -5.591   -5.443   -5.338   -0.877
   -0.333   -0.165    0.335    2.406    2.659    2.941    3.551    3.587    3.637    3.800
    4.210    6.900    7.553    7.842    7.960    9.183    9.256    9.514    9.570    9.789
   10.520   10.634   10.728   11.489   11.859   11.940   12.394   13.532   13.979   14.110
   14.262   14.497   14.915   15.211   15.759   15.975   16.170   16.334   16.784   17.216
   17.580   18.017   18.155   18.226   18.484   19.055   19.636   20.682   20.739   21.085
   21.213   21.631   22.017   22.341
            0.393750  0.356250  0.741500
   -9.501   -9.501   -9.501   -9.430   -9.430   -5.999   -5.578   -5.453   -5.340   -0.878
   -0.328   -0.181    0.333    2.412    2.693    2.907    3.561    3.596    3.631    3.804
    4.225    6.885    7.544    7.840    7.942    9.192    9.254    9.541    9.590    9.758
   10.521   10.620   10.701   11.523   11.845   11.949   12.393   13.530   13.991   14.109
   14.282   14.511   14.911   15.189   15.796   16.002   16.149   16.329   16.728   17.275
   17.584   17.994   18.161   18.215   18.432   18.991   19.647   20.698   20.748   21.095
   21.200   21.638   22.013   22.340
            0.387500  0.362500  0.741000
   -9.501   -9.501   -9.501   -9.430   -9.430   -5.999   -5.567   -5.461   -5.341   -0.879
   -0.324   -0.194    0.330    2.418    2.728    2.874    3.570    3.602    3.625    3.808
    4.235    6.873    7.537    7.841    7.927    9.200    9.252    9.566    9.603    9.731
   10.519   10.616   10.677   11.553   11.825   11.964   12.392   13.531   13.989   14.119
   14.295   14.522   14.908   15.174   15.830   16.014   16.145   16.326   16.668   17.349
   17.573   17.962   18.142   18.226   18.404   18.938   19.654   20.708   20.756   21.096
   21.195   21.645   22.009   22.341
            0.381250  0.368750  0.740500
   -9.501   -9.501   -9.501   -9.430   -9.430   -5.999   -5.559   -5.467   -5.342   -0.880
   -0.322   -0.203    0.328    2.422    2.761    2.843    3.576    3.608    3.620    3.811
    4.241    6.865    7.532    7.842    7.916    9.205    9.250    9.588    9.608    9.710
   10.515   10.618   10.657   11.575   11.810   11.975   12.392   13.533   13.984   14.129
   14.303   14.529   14.906   15.166   15.856   16.012   16.153   16.327   16.621   17.424
   17.543   17.935   18.121   18.239   18.394   18.900   19.659   20.713   20.761   21.092
   21.194   21.650   22.007   22.345
            0.375000  0.375000  0.740000
   -9.501   -9.501   -9.501   -9.430   -9.430   -5.999   -5.557   -5.470   -5.343   -0.880
   -0.321   -0.207    0.326    2.426    2.781    2.825    3.578    3.611    3.617    3.813
    4.243    6.861    7.529    7.841    7.912    9.207    9.250    9.601    9.604    9.702
   10.512   10.621   10.646   11.586   11.806   11.981   12.393   13.537   13.981   14.134
   14.305   14.531   14.904   15.166   15.868   16.011   16.157   16.327   16.603   17.488
   17.492   17.921   18.112   18.242   18.390   18.883   19.660   20.713   20.759   21.090
   21.193   21.652   22.007   22.348
            0.356250  0.356250  0.703000
   -9.501   -9.501   -9.501   -9.430   -9.430   -6.015   -5.531   -5.440   -5.368   -0.908
   -0.347   -0.276    0.318    2.569    2.790    2.838    3.563    3.606    3.606    4.039
    4.221    6.696    7.438    7.778    7.798    9.337    9.347    9.516    9.591    9.690
   10.459   10.583   10.611   11.664   11.877   12.079   12.182   13.766   13.926   14.256
   14.366   14.501   14.604   15.671   16.098   16.299   16.300   16.579   16.662   17.161
   17.302   17.555   17.731   17.938   18.337   18.361   19.889   20.480   20.937   21.142
   21.187   21.758   22.179   22.648
            0.337500  0.337500  0.666000
   -9.501   -9.501   -9.501   -9.430   -9.430   -6.022   -5.514   -5.409   -5.405   -0.916
   -0.332   -0.327    0.316    2.680    2.776    2.786    3.562    3.606    3.607    4.168
    4.176    6.627    7.400    7.754    7.755    9.403    9.435    9.442    9.633    9.642
   10.430   10.576   10.579   11.728   11.965   11.979   12.137   13.949   14.002   14.033
   14.404   14.407   14.636   16.049   16.177   16.330   16.352   16.652   16.660   17.293
   17.332   17.343   17.362   17.884   17.913   18.386   20.170   20.204   21.114   21.125
   21.125   21.749   22.444   22.478
            0.318750  0.318750  0.629000
   -9.501   -9.501   -9.501   -9.430   -9.430   -6.018   -5.540   -5.418   -5.377   -0.911
   -0.359   -0.269    0.321    2.612    2.690    2.908    3.555    3.591    3.612    4.108
    4.169    6.683    7.430    7.768    7.797    9.362    9.394    9.449    9.557    9.723
   10.459   10.573   10.637   11.625   11.974   12.073   12.101   13.743   14.084   14.200
   14.345   14.419   14.600   15.831   16.027   16.202   16.451   16.672   16.849   17.064
   17.230   17.394   17.527   18.079   18.287   18.374   19.941   20.404   21.041   21.103
   21.165   21.785   22.208   22.587
            0.300000  0.300000  0.592000
   -9.501   -9.501   -9.501   -9.430   -9.430   -6.005   -5.616   -5.397   -5.345   -0.898
   -0.373   -0.156    0.332    2.492    2.571    3.073    3.521    3.547    3.630    4.022
    4.052    6.843    7.513    7.831    7.924    9.288    9.306    9.364    9.453    9.858
   10.479   10.673   10.770   11.433   11.880   12.148   12.195   13.618   14.094   14.099
   14.304   14.494   14.581   15.601   15.860   15.947   16.356   16.675   16.716   17.226
   17.274   17.639   17.672   18.333   18.691   18.888   19.697   20.488   20.944   20.955
   21.227   21.858   21.958   22.469
            0.281250  0.281250  0.555000
   -9.501   -9.501   -9.501   -9.430   -9.430   -5.984   -5.710   -5.366   -5.313   -0.879
   -0.369    0.001    0.350    2.358    2.440    3.240    3.457    3.477    3.663    3.859
    3.923    7.045    7.610    7.969    8.121    9.146    9.218    9.244    9.361   10.036
   10.467   10.877   10.946   11.247   11.591   12.297   12.316   13.585   13.731   13.786
   14.307   14.583   14.827   15.544   15.551   15.942   16.005   16.744   16.750   17.196
   17.329   17.982   18.170   18.296   19.275   19.512   19.521   20.443   20.690   20.896
   21.272   21.726   21.979   22.277
            0.262500  0.262500  0.518000
   -9.501   -9.501   -9.500   -9.430   -9.430   -5.968   -5.801   -5.332   -5.281   -0.856
   -0.350    0.181    0.389    2.222    2.304    3.353    3.373    3.441    3.630    3.702
    3.821    7.216    7.697    8.152    8.340    9.029    9.080    9.190    9.310   10.239
   10.461   11.044   11.120   11.137   11.276   12.386   12.422   13.258   13.329   13.816
   14.117   14.856   15.029   15.264   15.569   15.713   16.086   16.856   16.863   17.190
   17.365   18.199   18.281   18.667   19.306   19.869   20.057   20.363   20.527   20.932
   21.309   21.493   21.857   22.108
            0.243750  0.243750  0.481000
   -9.501   -9.500   -9.500   -9.430   -9.430   -6.006   -5.834   -5.298   -5.250   -0.831
   -0.319    0.298    0.525    2.092    2.171    3.267    3.279    3.390    3.597    3.669
    3.797    7.314    7.758    8.247    8.439    9.054    9.101    9.177    9.315   10.344
   10.582   10.796   11.003   11.309   11.360   12.261   12.378   13.060   13.128   13.751
   14.081   14.929   14.967   15.335   15.590   15.748   16.252   17.007   17.025   17.219
   17.437   18.166   18.261   18.817   19.486   20.119   20.230   20.424   20.643   21.132
   21.240   21.483   21.678   22.045
            0.225000  0.225000  0.444000
   -9.501   -9.500   -9.500   -9.430   -9.430   -6.105   -5.798   -5.264   -5.221   -0.807
   -0.281    0.325    0.776    1.976    2.051    3.124    3.185    3.205    3.557    3.762
    3.860    7.344    7.756    8.167    8.324    9.138    9.321    9.370    9.391   10.317
   10.520   10.849   10.888   11.262   11.470   12.036   12.242   13.135   13.197   13.472
   14.270   14.689   14.843   15.693   15.779   15.868   16.379   17.201   17.225   17.288
   17.569   17.904   18.237   18.690   19.705   20.171   20.185   20.491   20.918   21.107
   21.234   21.644   21.894   21.968
            0.206250  0.206250  0.407000
   -9.501   -9.500   -9.500   -9.430   -9.430   -6.218   -5.738   -5.231   -5.192   -0.789
   -0.243    0.320    1.072    1.886    1.951    2.929    3.096    3.099    3.438    3.923
    3.941    7.320    7.701    7.998    8.127    9.103    9.375    9.683    9.732   10.256
   10.444   10.792   10.965   11.047   11.305   12.150   12.308   13.054   13.374   13.456
   14.414   14.476   14.793   15.882   16.092   16.102   16.452   17.332   17.347   17.487
   17.587   17.793   18.259   18.528   19.568   20.093   20.124   20.485   20.907   21.176
   21.431   21.674   22.015   22.021
            0.187500  0.187500  0.370000
   -9.501   -9.500   -9.500   -9.430   -9.430   -6.330   -5.665   -5.199   -5.165   -0.784
   -0.213    0.291    1.393    1.831    1.882    2.758    3.014    3.015    3.321    4.032
    4.077    7.245    7.627    7.814    7.913    9.034    9.177    9.962   10.006   10.169
   10.533   10.680   10.823   10.825   11.572   12.418   12.458   12.869   13.585   13.682
   14.189   14.669   14.774   15.945   16.358   16.417   16.561   17.061   17.409   17.447
   17.953   18.092   18.343   18.377   19.246   19.973   20.023   20.310   20.628   21.147
   21.588   21.829   22.041   22.190
            0.168750  0.168750  0.333000
   -9.500   -9.500   -9.499   -9.430   -9.430   -6.438   -5.585   -5.168   -5.139   -0.796
   -0.198    0.238    1.703    1.850    1.854    2.630    2.941    2.943    3.210    4.132
    4.222    7.131    7.523    7.666    7.700    8.812    9.026    9.735    9.843   10.044
   10.492   10.874   10.994   11.148   11.939   12.494   12.715   12.931   13.784   13.945
   14.057   14.746   14.859   16.000   16.436   16.598   16.655   16.922   17.467   17.511
   18.181   18.323   18.479   18.565   18.883   19.762   19.933   19.953   20.530   21.131
   21.234   21.625   22.412   22.541
            0.150000  0.150000  0.296000
   -9.500   -9.499   -9.499   -9.430   -9.430   -6.539   -5.500   -5.138   -5.114   -0.827
   -0.204    0.159    1.811    1.872    2.131    2.549    2.878    2.882    3.106    4.238
    4.356    6.997    7.361    7.496    7.582    8.487    8.955    9.285    9.415    9.909
   10.303   11.340   11.445   11.614   12.329   12.501   13.020   13.165   13.824   14.157
   14.219   14.709   15.010   16.056   16.211   16.563   16.810   17.179   17.510   17.545
   18.024   18.541   18.652   18.792   18.949   19.344   19.771   19.907   20.448   20.786
   21.234   21.339   22.320   22.466
            0.131250  0.131250  0.259000
   -9.500   -9.499   -9.499   -9.430   -9.430   -6.631   -5.412   -5.111   -5.091   -0.877
   -0.229    0.060    1.888    1.935    2.462    2.550    2.826    2.831    3.011    4.348
    4.475    6.857    7.187    7.304    7.506    8.165    8.791    8.936    8.962    9.755
   10.048   11.870   11.964   12.120   12.594   12.733   13.323   13.438   13.794   14.395
   14.483   14.615   15.141   15.987   16.121   16.584   16.984   17.338   17.533   17.547
   17.822   18.287   18.805   18.961   19.010   19.425   19.728   20.037   20.311   20.395
   21.024   21.302   21.970   22.147
            0.112500  0.112500  0.222000
   -9.499   -9.499   -9.499   -9.430   -9.430   -6.713   -5.325   -5.085   -5.070   -0.941
   -0.270   -0.052    1.998    2.036    2.496    2.783    2.789    2.902    2.927    4.457
    4.580    6.723    7.020    7.123    7.395    7.867    8.376    8.530    8.884    9.591
    9.774   12.421   12.506   12.640   12.769   13.139   13.608   13.718   13.812   14.391
   14.652   14.780   15.252   15.894   16.202   16.627   17.093   17.412   17.501   17.532
   17.615   18.127   18.367   18.939   19.119   19.738   19.922   19.934   20.175   20.428
   20.770   21.170   21.443   21.709
            0.093750  0.093750  0.185000
   -9.499   -9.499   -9.499   -9.431   -9.430   -6.784   -5.240   -5.062   -5.051   -1.012
   -0.320   -0.165    2.134    2.166    2.521    2.750    2.755    2.854    3.295    4.563
    4.668    6.598    6.864    6.954    7.226    7.603    8.000    8.140    8.867    9.426
    9.517   12.945   13.025   13.052   13.165   13.523   13.805   13.964   13.980   14.156
   14.909   15.036   15.351   15.914   16.309   16.686   17.042   17.408   17.416   17.503
   17.549   17.986   18.031   18.814   18.987   19.541   19.611   19.891   20.443   20.629
   20.776   20.816   21.020   21.275
            0.075000  0.075000  0.148000
   -9.499   -9.499   -9.499   -9.431   -9.431   -6.842   -5.163   -5.042   -5.035   -1.085
   -0.371   -0.270    2.284    2.310    2.561    2.724    2.729    2.794    3.691    4.660
    4.740    6.483    6.721    6.795    6.998    7.366    7.695    7.806    8.871    9.271
    9.301   13.241   13.523   13.578   13.645   13.778   13.891   14.029   14.211   14.285
   15.161   15.271   15.443   15.993   16.446   16.749   16.832   17.272   17.377   17.475
   17.565   17.775   17.963   18.650   18.799   19.150   19.206   19.550   20.046   20.400
   20.436   20.492   21.245   21.559
            0.056250  0.056250  0.111000
   -9.499   -9.498   -9.498   -9.431   -9.431   -6.889   -5.097   -5.025   -5.021   -1.151
   -0.417   -0.360    2.432    2.452    2.605    2.705    2.709    2.746    4.080    4.744
    4.795    6.369    6.595    6.648    6.753    7.141    7.472    7.543    8.890    9.137
    9.138   13.493   13.596   13.878   14.041   14.073   14.178   14.358   14.441   14.529
   15.414   15.477   15.545   16.093   16.551   16.677   16.729   17.093   17.330   17.461
   17.622   17.737   17.914   18.479   18.578   18.792   18.793   19.146   19.465   19.903
   19.979   20.028   21.893   22.141
            0.037500  0.037500  0.074000
   -9.498   -9.498   -9.498   -9.431   -9.431   -6.922   -5.046   -5.013   -5.011   -1.204
   -0.453   -0.428    2.560    2.573    2.645    2.693    2.696    2.713    4.443    4.809
    4.834    6.232    6.491    6.521    6.551    6.941    7.326    7.359    8.916    9.027
    9.033   13.387   13.779   13.965   14.443   14.454   14.571   14.617   14.658   14.736
   15.605   15.679   15.729   16.178   16.396   16.520   16.858   17.112   17.273   17.465
   17.653   17.749   17.889   18.262   18.303   18.528   18.529   18.762   18.953   19.426
   19.490   19.705   22.593   22.740
            0.018750  0.018750  0.037000
   -9.498   -9.498   -9.498   -9.431   -9.431   -6.942   -5.014   -5.006   -5.005   -1.239
   -0.476   -0.470    2.648    2.656    2.672    2.687    2.687    2.694    4.737    4.850
    4.856    6.067    6.422    6.431    6.435    6.803    7.244    7.252    8.936    8.964
    8.967   13.271   13.971   14.025   14.693   14.694   14.735   14.838   14.858   14.878
   15.702   15.939   15.950   16.224   16.276   16.315   17.072   17.173   17.215   17.504
   17.595   17.650   17.861   18.120   18.176   18.303   18.431   18.518   18.581   19.058
   19.093   19.494   23.223   23.285
            0.000000  0.000000  0.000000
   -9.498   -9.498   -9.498   -9.431   -9.431   -6.948   -5.003   -5.003   -5.003   -1.251
   -0.484   -0.484    2.678    2.678    2.678    2.689    2.689    2.689    4.864    4.864
    4.864    5.979    6.398    6.398    6.398    6.755    7.218    7.218    8.944    8.944
    8.944   13.230   14.048   14.048   14.775   14.775   14.775   14.929   14.929   14.929
   15.750   16.068   16.068   16.233   16.233   16.233   17.183   17.183   17.183   17.546
   17.546   17.546   17.802   18.163   18.163   18.163   18.444   18.444   18.444   18.911
   18.911   19.420   23.454   23.620
