    1.7840   -9.5000
    1.8295   -9.5000

    1.7840   -9.4990
    1.8295   -9.4990

    1.7840   -9.4990
    1.8295   -9.4990

    1.7840   -9.4300
    1.8295   -9.4300

    1.7840   -9.4300
    1.8295   -9.4300

    1.7840   -6.5390
    1.8295   -6.6310

    1.7840   -5.5000
    1.8295   -5.4120

    1.7840   -5.1380
    1.8295   -5.1110

    1.7840   -5.1140
    1.8295   -5.0910

    1.7840   -0.8270
    1.8295   -0.8770

    1.7840   -0.2040
    1.8295   -0.2290

    1.7840    0.1590
    1.8295    0.0600

    1.7840    1.8110
    1.8295    1.8880

    1.7840    1.8720
    1.8295    1.9350

    1.7840    2.1310
    1.8295    2.4620

    1.7840    2.5490
    1.8295    2.5500

    1.7840    2.8780
    1.8295    2.8260

    1.7840    2.8820
    1.8295    2.8310

    1.7840    3.1060
    1.8295    3.0110

    1.7840    4.2380
    1.8295    4.3480

    1.7840    4.3560
    1.8295    4.4750

    1.7840    6.9970
    1.8295    6.8570

    1.7840    7.3610
    1.8295    7.1870

    1.7840    7.4960
    1.8295    7.3040

    1.7840    7.5820
    1.8295    7.5060

    1.7840    8.4870
    1.8295    8.1650

    1.7840    8.9550
    1.8295    8.7910

    1.7840    9.2850
    1.8295    8.9360

    1.7840    9.4150
    1.8295    8.9620

    1.7840    9.9090
    1.8295    9.7550

    1.7840   10.3030
    1.8295   10.0480

    1.7840   11.3400
    1.8295   11.8700

    1.7840   11.4450
    1.8295   11.9640

    1.7840   11.6140
    1.8295   12.1200

    1.7840   12.3290
    1.8295   12.5940

    1.7840   12.5010
    1.8295   12.7330

    1.7840   13.0200
    1.8295   13.3230

    1.7840   13.1650
    1.8295   13.4380

    1.7840   13.8240
    1.8295   13.7940

    1.7840   14.1570
    1.8295   14.3950

    1.7840   14.2190
    1.8295   14.4830

    1.7840   14.7090
    1.8295   14.6150

    1.7840   15.0100
    1.8295   15.1410

    1.7840   16.0560
    1.8295   15.9870

    1.7840   16.2110
    1.8295   16.1210

    1.7840   16.5630
    1.8295   16.5840

    1.7840   16.8100
    1.8295   16.9840

    1.7840   17.1790
    1.8295   17.3380

    1.7840   17.5100
    1.8295   17.5330

    1.7840   17.5450
    1.8295   17.5470

    1.7840   18.0240
    1.8295   17.8220

    1.7840   18.5410
    1.8295   18.2870

    1.7840   18.6520
    1.8295   18.8050

    1.7840   18.7920
    1.8295   18.9610

    1.7840   18.9490
    1.8295   19.0100

    1.7840   19.3440
    1.8295   19.4250

    1.7840   19.7710
    1.8295   19.7280

    1.7840   19.9070
    1.8295   20.0370

    1.7840   20.4480
    1.8295   20.3110

    1.7840   20.7860
    1.8295   20.3950

    1.7840   21.2340
    1.8295   21.0240

    1.7840   21.3390
    1.8295   21.3020

    1.7840   22.3200
    1.8295   21.9700

    1.7840   22.4660
    1.8295   22.1470

