    1.6474   -9.1870
    1.6929   -9.1880

    1.6474   -9.1840
    1.6929   -9.1830

    1.6474   -9.1630
    1.6929   -9.1650

    1.6474   -9.1550
    1.6929   -9.1520

    1.6474   -9.1310
    1.6929   -9.1310

    1.6474   -9.1280
    1.6929   -9.1260

    1.6474   -9.0880
    1.6929   -9.0890

    1.6474   -9.0880
    1.6929   -9.0890

    1.6474   -9.0850
    1.6929   -9.0850

    1.6474   -9.0840
    1.6929   -9.0830

    1.6474   -5.9500
    1.6929   -6.0720

    1.6474   -5.4680
    1.6929   -5.3870

    1.6474   -4.8800
    1.6929   -4.8490

    1.6474   -4.8780
    1.6929   -4.8470

    1.6474   -0.5080
    1.6929   -0.5200

    1.6474   -0.4190
    1.6929   -0.3950

    1.6474    0.5910
    1.6929    0.5620

    1.6474    1.3090
    1.6929    1.6350

    1.6474    2.2270
    1.6929    2.1660

    1.6474    2.2400
    1.6929    2.1890

    1.6474    3.2390
    1.6929    3.0700

    1.6474    3.4230
    1.6929    3.3390

    1.6474    3.4380
    1.6929    3.3480

    1.6474    3.7840
    1.6929    3.6610

    1.6474    4.2670
    1.6929    4.3980

    1.6474    4.3010
    1.6929    4.4320

    1.6474    7.6610
    1.6929    7.6330

    1.6474    7.7660
    1.6929    7.6600

    1.6474    8.4290
    1.6929    8.2510

    1.6474    8.4490
    1.6929    8.2520

    1.6474    9.4320
    1.6929    9.3740

    1.6474    9.6110
    1.6929    9.4260

    1.6474   10.0710
    1.6929   10.3080

    1.6474   10.0720
    1.6929   10.3370

    1.6474   10.6570
    1.6929   10.5440

    1.6474   10.9380
    1.6929   11.0270

    1.6474   11.1940
    1.6929   11.0910

    1.6474   11.3110
    1.6929   11.1430

    1.6474   11.4260
    1.6929   11.2210

    1.6474   11.7320
    1.6929   12.0280

    1.6474   12.6180
    1.6929   12.7650

    1.6474   12.7060
    1.6929   12.9150

    1.6474   13.5390
    1.6929   13.4070

    1.6474   13.8160
    1.6929   14.0580

    1.6474   13.9670
    1.6929   14.1320

    1.6474   14.9500
    1.6929   14.9010

    1.6474   15.1120
    1.6929   15.1210

    1.6474   15.1640
    1.6929   15.1340

    1.6474   16.4150
    1.6929   16.7210

    1.6474   16.6280
    1.6929   16.8060

    1.6474   16.7900
    1.6929   16.9130

    1.6474   16.8730
    1.6929   17.0170

    1.6474   17.7560
    1.6929   17.4210

    1.6474   17.7980
    1.6929   17.8300

    1.6474   17.8480
    1.6929   17.8870

    1.6474   18.0770
    1.6929   18.4010

    1.6474   18.0840
    1.6929   18.4530

    1.6474   18.6450
    1.6929   18.7630

    1.6474   19.3300
    1.6929   19.1840

    1.6474   20.1820
    1.6929   19.8100

    1.6474   20.5870
    1.6929   20.5190

    1.6474   20.7680
    1.6929   20.6150

    1.6474   21.1950
    1.6929   21.1000

    1.6474   21.5310
    1.6929   21.1400

