    1.9660   -8.8750
    2.0116   -8.8750

    1.9660   -8.8730
    2.0116   -8.8740

    1.9660   -8.8720
    2.0116   -8.8740

    1.9660   -8.8020
    2.0116   -8.8000

    1.9660   -8.7960
    2.0116   -8.7960

    1.9660   -8.7960
    2.0116   -8.7960

    1.9660   -8.7720
    2.0116   -8.7710

    1.9660   -8.7720
    2.0116   -8.7710

    1.9660   -8.7700
    2.0116   -8.7700

    1.9660   -8.7600
    2.0116   -8.7610

    1.9660   -8.7540
    2.0116   -8.7540

    1.9660   -8.7530
    2.0116   -8.7540

    1.9660   -8.7380
    2.0116   -8.7370

    1.9660   -8.7370
    2.0116   -8.7370

    1.9660   -8.7330
    2.0116   -8.7320

    1.9660   -6.3790
    2.0116   -6.4300

    1.9660   -4.5050
    2.0116   -4.4250

    1.9660   -4.3580
    2.0116   -4.3380

    1.9660   -4.3470
    2.0116   -4.3310

    1.9660   -0.6930
    2.0116   -0.7400

    1.9660   -0.5700
    2.0116   -0.6650

    1.9660    0.1020
    2.0116    0.0300

    1.9660    2.9170
    2.0116    3.0610

    1.9660    2.9390
    2.0116    3.0780

    1.9660    3.1910
    2.0116    3.2320

    1.9660    3.3530
    2.0116    3.3310

    1.9660    3.3580
    2.0116    3.3360

    1.9660    3.4240
    2.0116    3.3730

    1.9660    4.2800
    2.0116    4.7020

    1.9660    5.4900
    2.0116    5.5880

    1.9660    5.5720
    2.0116    5.6420

    1.9660    7.2170
    2.0116    6.9950

    1.9660    7.3930
    2.0116    7.3190

    1.9660    7.4870
    2.0116    7.3990

    1.9660    7.6770
    2.0116    7.5300

    1.9660    7.9640
    2.0116    7.7210

    1.9660    8.1410
    2.0116    7.8070

    1.9660    8.6140
    2.0116    8.3820

    1.9660    9.4750
    2.0116    9.4900

    1.9660    9.9020
    2.0116    9.7540

    1.9660    9.9320
    2.0116    9.7560

    1.9660   14.1020
    2.0116   13.8620

    1.9660   14.2470
    2.0116   14.7450

    1.9660   14.3930
    2.0116   14.8290

    1.9660   14.4190
    2.0116   14.8850

    1.9660   14.5950
    2.0116   14.9210

    1.9660   14.7600
    2.0116   15.0770

    1.9660   14.9180
    2.0116   15.1760

    1.9660   14.9880
    2.0116   15.2290

    1.9660   15.3140
    2.0116   15.4240

    1.9660   15.9910
    2.0116   16.1710

    1.9660   16.1520
    2.0116   16.2190

    1.9660   16.1880
    2.0116   16.2990

    1.9660   16.9120
    2.0116   17.0220

    1.9660   17.6180
    2.0116   17.5260

    1.9660   17.6890
    2.0116   17.6350

    1.9660   18.1770
    2.0116   18.1590

    1.9660   18.3750
    2.0116   18.2530

    1.9660   18.4750
    2.0116   18.4740

    1.9660   18.4800
    2.0116   18.5470

    1.9660   18.6100
    2.0116   18.5540

    1.9660   18.6610
    2.0116   18.6990

    1.9660   19.3960
    2.0116   19.3190

    1.9660   19.6510
    2.0116   19.4330

