    1.6019   -9.5010
    1.6474   -9.5010

    1.6019   -9.5000
    1.6474   -9.5000

    1.6019   -9.5000
    1.6474   -9.5000

    1.6019   -9.4300
    1.6474   -9.4300

    1.6019   -9.4300
    1.6474   -9.4300

    1.6019   -6.1050
    1.6474   -6.2180

    1.6019   -5.7980
    1.6474   -5.7380

    1.6019   -5.2640
    1.6474   -5.2310

    1.6019   -5.2210
    1.6474   -5.1920

    1.6019   -0.8070
    1.6474   -0.7890

    1.6019   -0.2810
    1.6474   -0.2430

    1.6019    0.3250
    1.6474    0.3200

    1.6019    0.7760
    1.6474    1.0720

    1.6019    1.9760
    1.6474    1.8860

    1.6019    2.0510
    1.6474    1.9510

    1.6019    3.1240
    1.6474    2.9290

    1.6019    3.1850
    1.6474    3.0960

    1.6019    3.2050
    1.6474    3.0990

    1.6019    3.5570
    1.6474    3.4380

    1.6019    3.7620
    1.6474    3.9230

    1.6019    3.8600
    1.6474    3.9410

    1.6019    7.3440
    1.6474    7.3200

    1.6019    7.7560
    1.6474    7.7010

    1.6019    8.1670
    1.6474    7.9980

    1.6019    8.3240
    1.6474    8.1270

    1.6019    9.1380
    1.6474    9.1030

    1.6019    9.3210
    1.6474    9.3750

    1.6019    9.3700
    1.6474    9.6830

    1.6019    9.3910
    1.6474    9.7320

    1.6019   10.3170
    1.6474   10.2560

    1.6019   10.5200
    1.6474   10.4440

    1.6019   10.8490
    1.6474   10.7920

    1.6019   10.8880
    1.6474   10.9650

    1.6019   11.2620
    1.6474   11.0470

    1.6019   11.4700
    1.6474   11.3050

    1.6019   12.0360
    1.6474   12.1500

    1.6019   12.2420
    1.6474   12.3080

    1.6019   13.1350
    1.6474   13.0540

    1.6019   13.1970
    1.6474   13.3740

    1.6019   13.4720
    1.6474   13.4560

    1.6019   14.2700
    1.6474   14.4140

    1.6019   14.6890
    1.6474   14.4760

    1.6019   14.8430
    1.6474   14.7930

    1.6019   15.6930
    1.6474   15.8820

    1.6019   15.7790
    1.6474   16.0920

    1.6019   15.8680
    1.6474   16.1020

    1.6019   16.3790
    1.6474   16.4520

    1.6019   17.2010
    1.6474   17.3320

    1.6019   17.2250
    1.6474   17.3470

    1.6019   17.2880
    1.6474   17.4870

    1.6019   17.5690
    1.6474   17.5870

    1.6019   17.9040
    1.6474   17.7930

    1.6019   18.2370
    1.6474   18.2590

    1.6019   18.6900
    1.6474   18.5280

    1.6019   19.7050
    1.6474   19.5680

    1.6019   20.1710
    1.6474   20.0930

    1.6019   20.1850
    1.6474   20.1240

    1.6019   20.4910
    1.6474   20.4850

    1.6019   20.9180
    1.6474   20.9070

    1.6019   21.1070
    1.6474   21.1760

    1.6019   21.2340
    1.6474   21.4310

    1.6019   21.6440
    1.6474   21.6740

    1.6019   21.8940
    1.6474   22.0150

    1.6019   21.9680
    1.6474   22.0210

