    2.1026   -9.4980
    2.1481   -9.4980

    2.1026   -9.4980
    2.1481   -9.4980

    2.1026   -9.4980
    2.1481   -9.4980

    2.1026   -9.4310
    2.1481   -9.4310

    2.1026   -9.4310
    2.1481   -9.4310

    2.1026   -6.9420
    2.1481   -6.9480

    2.1026   -5.0140
    2.1481   -5.0030

    2.1026   -5.0060
    2.1481   -5.0030

    2.1026   -5.0050
    2.1481   -5.0030

    2.1026   -1.2390
    2.1481   -1.2510

    2.1026   -0.4760
    2.1481   -0.4840

    2.1026   -0.4700
    2.1481   -0.4840

    2.1026    2.6480
    2.1481    2.6780

    2.1026    2.6560
    2.1481    2.6780

    2.1026    2.6720
    2.1481    2.6780

    2.1026    2.6870
    2.1481    2.6890

    2.1026    2.6870
    2.1481    2.6890

    2.1026    2.6940
    2.1481    2.6890

    2.1026    4.7370
    2.1481    4.8640

    2.1026    4.8500
    2.1481    4.8640

    2.1026    4.8560
    2.1481    4.8640

    2.1026    6.0670
    2.1481    5.9790

    2.1026    6.4220
    2.1481    6.3980

    2.1026    6.4310
    2.1481    6.3980

    2.1026    6.4350
    2.1481    6.3980

    2.1026    6.8030
    2.1481    6.7550

    2.1026    7.2440
    2.1481    7.2180

    2.1026    7.2520
    2.1481    7.2180

    2.1026    8.9360
    2.1481    8.9440

    2.1026    8.9640
    2.1481    8.9440

    2.1026    8.9670
    2.1481    8.9440

    2.1026   13.2710
    2.1481   13.2300

    2.1026   13.9710
    2.1481   14.0480

    2.1026   14.0250
    2.1481   14.0480

    2.1026   14.6930
    2.1481   14.7750

    2.1026   14.6940
    2.1481   14.7750

    2.1026   14.7350
    2.1481   14.7750

    2.1026   14.8380
    2.1481   14.9290

    2.1026   14.8580
    2.1481   14.9290

    2.1026   14.8780
    2.1481   14.9290

    2.1026   15.7020
    2.1481   15.7500

    2.1026   15.9390
    2.1481   16.0680

    2.1026   15.9500
    2.1481   16.0680

    2.1026   16.2240
    2.1481   16.2330

    2.1026   16.2760
    2.1481   16.2330

    2.1026   16.3150
    2.1481   16.2330

    2.1026   17.0720
    2.1481   17.1830

    2.1026   17.1730
    2.1481   17.1830

    2.1026   17.2150
    2.1481   17.1830

    2.1026   17.5040
    2.1481   17.5460

    2.1026   17.5950
    2.1481   17.5460

    2.1026   17.6500
    2.1481   17.5460

    2.1026   17.8610
    2.1481   17.8020

    2.1026   18.1200
    2.1481   18.1630

    2.1026   18.1760
    2.1481   18.1630

    2.1026   18.3030
    2.1481   18.1630

    2.1026   18.4310
    2.1481   18.4440

    2.1026   18.5180
    2.1481   18.4440

    2.1026   18.5810
    2.1481   18.4440

    2.1026   19.0580
    2.1481   18.9110

    2.1026   19.0930
    2.1481   18.9110

    2.1026   19.4940
    2.1481   19.4200

    2.1026   23.2230
    2.1481   23.4540

    2.1026   23.2850
    2.1481   23.6200

