    1.9205   -9.4990
    1.9660   -9.4990

    1.9205   -9.4990
    1.9660   -9.4990

    1.9205   -9.4990
    1.9660   -9.4990

    1.9205   -9.4310
    1.9660   -9.4310

    1.9205   -9.4300
    1.9660   -9.4310

    1.9205   -6.7840
    1.9660   -6.8420

    1.9205   -5.2400
    1.9660   -5.1630

    1.9205   -5.0620
    1.9660   -5.0420

    1.9205   -5.0510
    1.9660   -5.0350

    1.9205   -1.0120
    1.9660   -1.0850

    1.9205   -0.3200
    1.9660   -0.3710

    1.9205   -0.1650
    1.9660   -0.2700

    1.9205    2.1340
    1.9660    2.2840

    1.9205    2.1660
    1.9660    2.3100

    1.9205    2.5210
    1.9660    2.5610

    1.9205    2.7500
    1.9660    2.7240

    1.9205    2.7550
    1.9660    2.7290

    1.9205    2.8540
    1.9660    2.7940

    1.9205    3.2950
    1.9660    3.6910

    1.9205    4.5630
    1.9660    4.6600

    1.9205    4.6680
    1.9660    4.7400

    1.9205    6.5980
    1.9660    6.4830

    1.9205    6.8640
    1.9660    6.7210

    1.9205    6.9540
    1.9660    6.7950

    1.9205    7.2260
    1.9660    6.9980

    1.9205    7.6030
    1.9660    7.3660

    1.9205    8.0000
    1.9660    7.6950

    1.9205    8.1400
    1.9660    7.8060

    1.9205    8.8670
    1.9660    8.8710

    1.9205    9.4260
    1.9660    9.2710

    1.9205    9.5170
    1.9660    9.3010

    1.9205   12.9450
    1.9660   13.2410

    1.9205   13.0250
    1.9660   13.5230

    1.9205   13.0520
    1.9660   13.5780

    1.9205   13.1650
    1.9660   13.6450

    1.9205   13.5230
    1.9660   13.7780

    1.9205   13.8050
    1.9660   13.8910

    1.9205   13.9640
    1.9660   14.0290

    1.9205   13.9800
    1.9660   14.2110

    1.9205   14.1560
    1.9660   14.2850

    1.9205   14.9090
    1.9660   15.1610

    1.9205   15.0360
    1.9660   15.2710

    1.9205   15.3510
    1.9660   15.4430

    1.9205   15.9140
    1.9660   15.9930

    1.9205   16.3090
    1.9660   16.4460

    1.9205   16.6860
    1.9660   16.7490

    1.9205   17.0420
    1.9660   16.8320

    1.9205   17.4080
    1.9660   17.2720

    1.9205   17.4160
    1.9660   17.3770

    1.9205   17.5030
    1.9660   17.4750

    1.9205   17.5490
    1.9660   17.5650

    1.9205   17.9860
    1.9660   17.7750

    1.9205   18.0310
    1.9660   17.9630

    1.9205   18.8140
    1.9660   18.6500

    1.9205   18.9870
    1.9660   18.7990

    1.9205   19.5410
    1.9660   19.1500

    1.9205   19.6110
    1.9660   19.2060

    1.9205   19.8910
    1.9660   19.5500

    1.9205   20.4430
    1.9660   20.0460

    1.9205   20.6290
    1.9660   20.4000

    1.9205   20.7760
    1.9660   20.4360

    1.9205   20.8160
    1.9660   20.4920

    1.9205   21.0200
    1.9660   21.2450

    1.9205   21.2750
    1.9660   21.5590

