 &plot nbnd=   8, nks=    81 /
            0.500000  0.500000  0.500000
   -5.567   -0.693    4.055    4.055    7.018    9.551    9.551   12.681
            0.475000  0.475000  0.475000
   -5.581   -0.666    4.059    4.059    7.023    9.557    9.557   12.684
            0.450000  0.450000  0.450000
   -5.620   -0.585    4.070    4.070    7.039    9.573    9.573   12.689
            0.425000  0.425000  0.425000
   -5.683   -0.453    4.089    4.089    7.066    9.598    9.598   12.691
            0.400000  0.400000  0.400000
   -5.765   -0.276    4.114    4.114    7.102    9.632    9.632   12.679
            0.375000  0.375000  0.375000
   -5.861   -0.057    4.147    4.147    7.149    9.671    9.671   12.634
            0.350000  0.350000  0.350000
   -5.966    0.198    4.186    4.186    7.205    9.712    9.712   12.528
            0.325000  0.325000  0.325000
   -6.077    0.484    4.231    4.231    7.269    9.751    9.751   12.337
            0.300000  0.300000  0.300000
   -6.190    0.798    4.283    4.283    7.341    9.781    9.781   12.061
            0.275000  0.275000  0.275000
   -6.302    1.135    4.339    4.339    7.418    9.798    9.798   11.724
            0.250000  0.250000  0.250000
   -6.409    1.492    4.399    4.399    7.497    9.793    9.793   11.351
            0.225000  0.225000  0.225000
   -6.511    1.865    4.462    4.462    7.575    9.765    9.765   10.962
            0.200000  0.200000  0.200000
   -6.606    2.252    4.528    4.528    7.646    9.711    9.711   10.575
            0.175000  0.175000  0.175000
   -6.692    2.648    4.593    4.593    7.698    9.636    9.636   10.203
            0.150000  0.150000  0.150000
   -6.768    3.050    4.656    4.656    7.718    9.546    9.546    9.865
            0.125000  0.125000  0.125000
   -6.834    3.451    4.716    4.716    7.684    9.452    9.452    9.583
            0.100000  0.100000  0.100000
   -6.888    3.845    4.770    4.770    7.578    9.360    9.360    9.378
            0.075000  0.075000  0.075000
   -6.931    4.217    4.815    4.815    7.404    9.254    9.280    9.280
            0.050000  0.050000  0.050000
   -6.962    4.545    4.849    4.849    7.196    9.195    9.219    9.219
            0.025000  0.025000  0.025000
   -6.980    4.785    4.870    4.870    7.018    9.172    9.179    9.179
            0.000000  0.000000  0.000000
   -6.987    4.877    4.877    4.877    6.945    9.166    9.166    9.166
            0.000000  0.050000  0.000000
   -6.978    4.784    4.853    4.853    7.043    9.134    9.203    9.203
            0.000000  0.100000  0.000000
   -6.954    4.545    4.783    4.783    7.296    9.042    9.312    9.312
            0.000000  0.150000  0.000000
   -6.912    4.226    4.674    4.674    7.632    8.901    9.485    9.485
            0.000000  0.200000  0.000000
   -6.855    3.870    4.536    4.536    7.999    8.724    9.712    9.712
            0.000000  0.250000  0.000000
   -6.782    3.500    4.378    4.378    8.357    8.525    9.983    9.983
            0.000000  0.300000  0.000000
   -6.694    3.124    4.209    4.209    8.308    8.672   10.289   10.289
            0.000000  0.350000  0.000000
   -6.592    2.750    4.035    4.035    8.090    8.880   10.623   10.623
            0.000000  0.400000  0.000000
   -6.476    2.381    3.863    3.863    7.873    8.937   10.978   10.978
            0.000000  0.450000  0.000000
   -6.349    2.019    3.695    3.695    7.661    8.844   11.351   11.351
            0.000000  0.500000  0.000000
   -6.210    1.667    3.535    3.535    7.457    8.652   11.737   11.737
            0.000000  0.550000  0.000000
   -6.063    1.326    3.386    3.386    7.263    8.415   12.133   12.133
            0.000000  0.600000  0.000000
   -5.909    0.998    3.249    3.249    7.082    8.171   12.538   12.538
            0.000000  0.650000  0.000000
   -5.753    0.688    3.125    3.125    6.914    7.940   12.947   12.947
            0.000000  0.700000  0.000000
   -5.597    0.399    3.017    3.017    6.762    7.733   13.360   13.360
            0.000000  0.750000  0.000000
   -5.447    0.136    2.923    2.923    6.628    7.555   13.771   13.771
            0.000000  0.800000  0.000000
   -5.309   -0.095    2.846    2.846    6.514    7.410   14.176   14.176
            0.000000  0.850000  0.000000
   -5.189   -0.287    2.786    2.786    6.423    7.297   14.562   14.562
            0.000000  0.900000  0.000000
   -5.096   -0.431    2.742    2.742    6.355    7.218   14.907   14.907
            0.000000  0.950000  0.000000
   -5.037   -0.522    2.716    2.716    6.314    7.170   15.164   15.164
            0.000000  1.000000  0.000000
   -5.016   -0.553    2.708    2.708    6.301    7.154   15.264   15.264
            0.000000  0.987500  0.037500
   -5.017   -0.547    2.692    2.696    6.329    7.184   15.176   15.249
            0.000000  0.975000  0.075000
   -5.020   -0.531    2.648    2.664    6.414    7.272   14.921   15.200
            0.000000  0.962500  0.112500
   -5.024   -0.504    2.578    2.615    6.551    7.414   14.532   15.105
            0.000000  0.950000  0.150000
   -5.029   -0.469    2.487    2.557    6.734    7.604   14.056   14.943
            0.000000  0.937500  0.187500
   -5.035   -0.427    2.382    2.496    6.958    7.837   13.533   14.699
            0.000000  0.925000  0.225000
   -5.042   -0.380    2.267    2.440    7.217    8.106   12.990   14.393
            0.000000  0.912500  0.262500
   -5.049   -0.332    2.148    2.394    7.504    8.407   12.441   14.057
            0.000000  0.900000  0.300000
   -5.056   -0.286    2.029    2.365    7.815    8.734   11.897   13.710
            0.000000  0.887500  0.337500
   -5.063   -0.245    1.915    2.355    8.143    9.085   11.368   13.361
           -0.000000  0.875000  0.375000
   -5.069   -0.211    1.807    2.369    8.478    9.454   10.865   13.016
            0.000000  0.862500  0.412500
   -5.074   -0.188    1.709    2.407    8.796    9.833   10.420   12.682
            0.000000  0.850000  0.450000
   -5.077   -0.174    1.623    2.469    9.014   10.035   10.293   12.363
            0.000000  0.837500  0.487500
   -5.079   -0.172    1.549    2.553    8.945   10.055   10.672   12.071
           -0.000000  0.825000  0.525000
   -5.080   -0.178    1.490    2.653    8.637   10.304   11.064   11.840
           -0.000000  0.812500  0.562500
   -5.078   -0.192    1.446    2.763    8.276   10.568   11.355   11.812
            0.000000  0.800000  0.600000
   -5.075   -0.211    1.418    2.873    7.930   10.649   11.546   12.121
           -0.000000  0.787500  0.637500
   -5.070   -0.234    1.406    2.973    7.623   10.517   11.875   12.535
            0.000000  0.775000  0.675000
   -5.064   -0.257    1.410    3.049    7.375   10.306   12.284   12.951
           -0.000000  0.762500  0.712500
   -5.056   -0.279    1.429    3.087    7.198   10.078   12.717   13.270
            0.000000  0.750000  0.750000
   -5.047   -0.299    1.464    3.078    7.105    9.852   13.081   13.262
            0.000000  0.712500  0.712500
   -5.084   -0.245    1.371    3.191    7.260   10.516   12.679   12.909
            0.000000  0.675000  0.675000
   -5.139   -0.191    1.350    3.315    7.427   11.113   12.294   12.594
            0.000000  0.637500  0.637500
   -5.214   -0.130    1.399    3.449    7.605   11.433   11.930   12.276
            0.000000  0.600000  0.600000
   -5.309   -0.049    1.507    3.590    7.791   11.360   11.588   11.947
            0.000000  0.562500  0.562500
   -5.424    0.062    1.664    3.735    7.980   11.120   11.272   11.638
            0.000000  0.525000  0.525000
   -5.554    0.209    1.860    3.883    8.164   10.845   10.981   11.364
            0.000000  0.487500  0.487500
   -5.696    0.397    2.085    4.028    8.331   10.570   10.716   11.137
            0.000000  0.450000  0.450000
   -5.845    0.624    2.333    4.168    8.469   10.309   10.476   10.966
            0.000000  0.412500  0.412500
   -5.996    0.891    2.599    4.300    8.560   10.069   10.260   10.858
            0.000000  0.375000  0.375000
   -6.145    1.194    2.877    4.421    8.593    9.852   10.067   10.809
            0.000000  0.337500  0.337500
   -6.290    1.531    3.162    4.527    8.568    9.663    9.895   10.796
            0.000000  0.300000  0.300000
   -6.425    1.899    3.448    4.617    8.493    9.503    9.743   10.774
            0.000000  0.262500  0.262500
   -6.550    2.294    3.729    4.692    8.380    9.373    9.609   10.681
            0.000000  0.225000  0.225000
   -6.662    2.711    3.996    4.751    8.236    9.275    9.492   10.478
            0.000000  0.187500  0.187500
   -6.759    3.146    4.242    4.796    8.060    9.208    9.393   10.181
            0.000000  0.150000  0.150000
   -6.840    3.590    4.458    4.829    7.845    9.170    9.312    9.853
            0.000000  0.112500  0.112500
   -6.903    4.028    4.636    4.852    7.587    9.156    9.248    9.558
            0.000000  0.075000  0.075000
   -6.950    4.434    4.768    4.867    7.303    9.156    9.203    9.338
            0.000000  0.037500  0.037500
   -6.977    4.750    4.850    4.875    7.052    9.163    9.175    9.209
            0.000000  0.000000  0.000000
   -6.987    4.877    4.877    4.877    6.945    9.166    9.166    9.166
