 &plot nbnd=  16, nks=    81 /
            0.500000  0.500000  0.500000
   -5.564   -5.564   -0.694   -0.694    3.968    3.968    4.142    4.142    7.019    7.019
    9.538    9.538    9.565    9.565   12.681   12.681
            0.475000  0.475000  0.475000
   -5.577   -5.577   -0.667   -0.667    3.971    3.971    4.145    4.145    7.025    7.025
    9.544    9.544    9.570    9.570   12.683   12.683
            0.450000  0.450000  0.450000
   -5.617   -5.617   -0.586   -0.586    3.982    3.982    4.157    4.157    7.041    7.041
    9.559    9.559    9.587    9.587   12.688   12.688
            0.425000  0.425000  0.425000
   -5.680   -5.680   -0.455   -0.455    4.001    4.001    4.175    4.175    7.067    7.067
    9.585    9.585    9.613    9.613   12.691   12.691
            0.400000  0.400000  0.400000
   -5.761   -5.761   -0.277   -0.277    4.026    4.026    4.201    4.201    7.104    7.104
    9.618    9.618    9.647    9.647   12.679   12.679
            0.375000  0.375000  0.375000
   -5.857   -5.857   -0.058   -0.058    4.058    4.058    4.234    4.234    7.150    7.150
    9.656    9.656    9.687    9.687   12.634   12.634
            0.350000  0.350000  0.350000
   -5.963   -5.963    0.197    0.197    4.097    4.097    4.274    4.274    7.206    7.206
    9.697    9.697    9.729    9.729   12.528   12.528
            0.325000  0.325000  0.325000
   -6.074   -6.074    0.483    0.483    4.142    4.142    4.320    4.320    7.271    7.271
    9.734    9.734    9.768    9.768   12.337   12.337
            0.300000  0.300000  0.300000
   -6.187   -6.187    0.796    0.796    4.193    4.193    4.371    4.371    7.342    7.342
    9.764    9.764    9.800    9.800   12.062   12.062
            0.275000  0.275000  0.275000
   -6.299   -6.299    1.133    1.133    4.249    4.249    4.428    4.428    7.419    7.419
    9.779    9.779    9.817    9.817   11.725   11.725
            0.250000  0.250000  0.250000
   -6.407   -6.407    1.489    1.489    4.309    4.309    4.489    4.489    7.499    7.499
    9.774    9.774    9.813    9.813   11.353   11.353
            0.225000  0.225000  0.225000
   -6.509   -6.509    1.862    1.862    4.372    4.372    4.553    4.553    7.577    7.577
    9.745    9.745    9.785    9.785   10.965   10.965
            0.200000  0.200000  0.200000
   -6.603   -6.603    2.248    2.248    4.437    4.437    4.620    4.620    7.647    7.647
    9.691    9.691    9.731    9.731   10.577   10.577
            0.175000  0.175000  0.175000
   -6.689   -6.689    2.643    2.643    4.502    4.502    4.686    4.686    7.700    7.700
    9.616    9.616    9.656    9.656   10.206   10.206
            0.150000  0.150000  0.150000
   -6.765   -6.765    3.043    3.043    4.566    4.566    4.751    4.751    7.720    7.720
    9.528    9.528    9.566    9.566    9.867    9.867
            0.125000  0.125000  0.125000
   -6.831   -6.831    3.442    3.442    4.628    4.628    4.812    4.812    7.686    7.686
    9.433    9.433    9.470    9.470    9.586    9.586
            0.100000  0.100000  0.100000
   -6.886   -6.886    3.829    3.829    4.686    4.686    4.866    4.866    7.581    7.581
    9.340    9.340    9.377    9.377    9.384    9.384
            0.075000  0.075000  0.075000
   -6.928   -6.928    4.189    4.189    4.743    4.743    4.912    4.912    7.407    7.407
    9.245    9.245    9.276    9.276    9.296    9.296
            0.050000  0.050000  0.050000
   -6.959   -6.959    4.481    4.481    4.811    4.811    4.947    4.947    7.199    7.199
    9.183    9.183    9.218    9.218    9.234    9.234
            0.025000  0.025000  0.025000
   -6.978   -6.978    4.640    4.640    4.915    4.915    4.969    4.969    7.020    7.020
    9.151    9.151    9.188    9.188    9.194    9.194
            0.000000  0.000000  0.000000
   -6.984   -6.984    4.677    4.677    4.976    4.976    4.976    4.976    6.947    6.947
    9.140    9.140    9.180    9.180    9.180    9.180
            0.000000  0.050000  0.000000
   -6.976   -6.976    4.631    4.631    4.906    4.906    4.951    4.951    7.046    7.046
    9.129    9.129    9.197    9.197    9.217    9.217
            0.000000  0.100000  0.000000
   -6.951   -6.951    4.468    4.468    4.760    4.760    4.879    4.879    7.299    7.299
    9.041    9.041    9.303    9.303    9.324    9.324
            0.000000  0.150000  0.000000
   -6.910   -6.910    4.189    4.189    4.614    4.614    4.766    4.766    7.635    7.635
    8.901    8.901    9.476    9.476    9.496    9.496
            0.000000  0.200000  0.000000
   -6.853   -6.853    3.850    3.850    4.464    4.464    4.624    4.624    8.002    8.002
    8.724    8.724    9.703    9.703    9.723    9.723
            0.000000  0.250000  0.000000
   -6.780   -6.780    3.486    3.486    4.303    4.303    4.463    4.463    8.360    8.360
    8.525    8.525    9.973    9.973    9.995    9.995
            0.000000  0.300000  0.000000
   -6.692   -6.692    3.115    3.115    4.134    4.134    4.290    4.290    8.309    8.309
    8.673    8.673   10.276   10.276   10.304   10.304
            0.000000  0.350000  0.000000
   -6.589   -6.589    2.744    2.744    3.961    3.961    4.114    4.114    8.091    8.091
    8.881    8.881   10.606   10.606   10.641   10.641
            0.000000  0.400000  0.000000
   -6.474   -6.474    2.376    2.376    3.790    3.790    3.938    3.938    7.873    7.873
    8.938    8.938   10.958   10.958   11.000   11.000
            0.000000  0.450000  0.000000
   -6.346   -6.346    2.015    2.015    3.624    3.624    3.768    3.768    7.661    7.661
    8.845    8.845   11.325   11.325   11.376   11.376
            0.000000  0.500000  0.000000
   -6.207   -6.207    1.664    1.664    3.466    3.466    3.606    3.606    7.457    7.457
    8.652    8.652   11.706   11.706   11.765   11.765
            0.000000  0.550000  0.000000
   -6.060   -6.060    1.323    1.323    3.318    3.318    3.455    3.455    7.263    7.263
    8.416    8.416   12.098   12.098   12.165   12.165
            0.000000  0.600000  0.000000
   -5.906   -5.906    0.996    0.996    3.182    3.182    3.316    3.316    7.082    7.082
    8.172    8.172   12.499   12.499   12.572   12.572
            0.000000  0.650000  0.000000
   -5.749   -5.749    0.686    0.686    3.059    3.059    3.192    3.192    6.915    6.915
    7.940    7.940   12.905   12.905   12.984   12.984
            0.000000  0.700000  0.000000
   -5.594   -5.594    0.397    0.397    2.951    2.951    3.082    3.082    6.763    6.763
    7.733    7.733   13.314   13.314   13.399   13.399
            0.000000  0.750000  0.000000
   -5.443   -5.443    0.134    0.134    2.859    2.859    2.988    2.988    6.629    6.629
    7.556    7.556   13.722   13.722   13.814   13.814
            0.000000  0.800000  0.000000
   -5.305   -5.305   -0.097   -0.097    2.782    2.782    2.910    2.910    6.515    6.515
    7.410    7.410   14.123   14.123   14.222   14.222
            0.000000  0.850000  0.000000
   -5.186   -5.186   -0.288   -0.288    2.722    2.722    2.849    2.849    6.423    6.423
    7.298    7.298   14.504   14.504   14.612   14.612
            0.000000  0.900000  0.000000
   -5.092   -5.092   -0.433   -0.433    2.679    2.679    2.805    2.805    6.356    6.356
    7.218    7.218   14.842   14.842   14.961   14.961
            0.000000  0.950000  0.000000
   -5.033   -5.033   -0.524   -0.524    2.653    2.653    2.779    2.779    6.315    6.315
    7.171    7.171   15.093   15.093   15.224   15.224
            0.000000  1.000000  0.000000
   -5.013   -5.013   -0.554   -0.554    2.645    2.645    2.770    2.770    6.301    6.301
    7.155    7.155   15.189   15.189   15.326   15.326
            0.000000  0.987500  0.037500
   -5.014   -5.013   -0.551   -0.546    2.625    2.638    2.756    2.757    6.329    6.330
    7.180    7.189   15.123   15.137   15.276   15.288
            0.000000  0.975000  0.075000
   -5.016   -5.016   -0.538   -0.527    2.580    2.608    2.715    2.720    6.414    6.415
    7.264    7.281   14.888   14.919   15.183   15.229
            0.000000  0.962500  0.112500
   -5.020   -5.020   -0.514   -0.498    2.512    2.556    2.652    2.666    6.550    6.553
    7.402    7.426   14.505   14.542   15.065   15.144
            0.000000  0.950000  0.150000
   -5.026   -5.025   -0.481   -0.459    2.425    2.487    2.574    2.602    6.733    6.737
    7.589    7.620   14.033   14.070   14.889   14.995
            0.000000  0.937500  0.187500
   -5.032   -5.031   -0.442   -0.414    2.322    2.402    2.495    2.538    6.956    6.961
    7.819    7.856   13.513   13.548   14.644   14.753
            0.000000  0.925000  0.225000
   -5.039   -5.038   -0.399   -0.365    2.209    2.300    2.427    2.479    7.213    7.220
    8.086    8.127   12.972   13.004   14.345   14.441
            0.000000  0.912500  0.262500
   -5.046   -5.045   -0.354   -0.313    2.091    2.188    2.375    2.431    7.500    7.509
    8.384    8.430   12.426   12.454   14.017   14.097
            0.000000  0.900000  0.300000
   -5.053   -5.052   -0.311   -0.264    1.972    2.073    2.342    2.400    7.809    7.821
    8.710    8.760   11.884   11.910   13.676   13.743
            0.000000  0.887500  0.337500
   -5.060   -5.058   -0.273   -0.219    1.858    1.961    2.331    2.389    8.135    8.150
    9.058    9.113   11.358   11.379   13.332   13.390
           -0.000000  0.875000  0.375000
   -5.066   -5.064   -0.242   -0.183    1.750    1.855    2.344    2.401    8.468    8.487
    9.425    9.484   10.859   10.873   12.992   13.041
            0.000000  0.862500  0.412500
   -5.071   -5.069   -0.221   -0.156    1.652    1.758    2.383    2.438    8.781    8.808
    9.799    9.867   10.421   10.421   12.661   12.703
            0.000000  0.850000  0.450000
   -5.074   -5.073   -0.210   -0.141    1.566    1.672    2.446    2.498    8.991    9.034
   10.018   10.051   10.277   10.315   12.347   12.380
            0.000000  0.837500  0.487500
   -5.076   -5.075   -0.208   -0.137    1.493    1.599    2.531    2.580    8.918    8.968
   10.046   10.065   10.640   10.707   12.061   12.083
           -0.000000  0.825000  0.525000
   -5.077   -5.075   -0.215   -0.143    1.435    1.539    2.633    2.678    8.615    8.657
   10.292   10.314   11.023   11.107   11.839   11.843
           -0.000000  0.812500  0.562500
   -5.075   -5.074   -0.229   -0.157    1.392    1.495    2.744    2.785    8.258    8.294
   10.547   10.584   11.316   11.398   11.809   11.817
            0.000000  0.800000  0.600000
   -5.072   -5.071   -0.248   -0.177    1.365    1.466    2.857    2.892    7.915    7.944
   10.617   10.676   11.527   11.567   12.108   12.138
           -0.000000  0.787500  0.637500
   -5.067   -5.066   -0.269   -0.200    1.354    1.452    2.960    2.988    7.612    7.635
   10.484   10.547   11.857   11.893   12.510   12.563
            0.000000  0.775000  0.675000
   -5.061   -5.059   -0.291   -0.224    1.360    1.454    3.040    3.060    7.366    7.384
   10.275   10.335   12.265   12.302   12.916   12.988
           -0.000000  0.762500  0.712500
   -5.053   -5.051   -0.311   -0.248    1.381    1.472    3.084    3.094    7.193    7.205
   10.049   10.105   12.697   12.731   13.238   13.295
            0.000000  0.750000  0.750000
   -5.044   -5.042   -0.330   -0.270    1.418    1.506    3.078    3.081    7.101    7.110
    9.825    9.878   13.072   13.072   13.247   13.283
            0.000000  0.712500  0.712500
   -5.081   -5.079   -0.280   -0.212    1.321    1.417    3.191    3.194    7.256    7.264
   10.484   10.545   12.672   12.674   12.887   12.938
            0.000000  0.675000  0.675000
   -5.136   -5.134   -0.228   -0.156    1.298    1.398    3.315    3.317    7.424    7.431
   11.076   11.143   12.291   12.292   12.583   12.610
            0.000000  0.637500  0.637500
   -5.211   -5.210   -0.166   -0.095    1.347    1.446    3.449    3.451    7.602    7.609
   11.404   11.447   11.929   11.931   12.257   12.313
            0.000000  0.600000  0.600000
   -5.306   -5.305   -0.084   -0.015    1.457    1.553    3.590    3.592    7.789    7.794
   11.346   11.355   11.587   11.593   11.907   12.004
            0.000000  0.562500  0.562500
   -5.421   -5.420    0.029    0.093    1.616    1.708    3.735    3.738    7.979    7.981
   11.092   11.136   11.268   11.278   11.588   11.700
            0.000000  0.525000  0.525000
   -5.551   -5.550    0.179    0.238    1.814    1.901    3.883    3.885    8.163    8.165
   10.811   10.872   10.975   10.986   11.311   11.427
            0.000000  0.487500  0.487500
   -5.693   -5.692    0.369    0.423    2.041    2.124    4.028    4.031    8.329    8.335
   10.536   10.601   10.710   10.720   11.085   11.197
            0.000000  0.450000  0.450000
   -5.842   -5.841    0.598    0.648    2.291    2.370    4.169    4.172    8.462    8.476
   10.278   10.338   10.473   10.479   10.919   11.019
            0.000000  0.412500  0.412500
   -5.993   -5.993    0.866    0.913    2.559    2.634    4.301    4.304    8.549    8.572
   10.042   10.093   10.260   10.263   10.819   10.902
            0.000000  0.375000  0.375000
   -6.143   -6.142    1.171    1.214    2.838    2.910    4.422    4.425    8.578    8.610
    9.832    9.871   10.068   10.069   10.781   10.842
            0.000000  0.337500  0.337500
   -6.287   -6.287    1.509    1.549    3.124    3.193    4.528    4.532    8.549    8.588
    9.649    9.676    9.896    9.897   10.779   10.819
            0.000000  0.300000  0.300000
   -6.423   -6.423    1.877    1.915    3.411    3.477    4.620    4.624    8.473    8.514
    9.495    9.510    9.743    9.745   10.766   10.786
            0.000000  0.262500  0.262500
   -6.547   -6.547    2.272    2.308    3.691    3.755    4.697    4.701    8.361    8.401
    9.372    9.375    9.609    9.611   10.683   10.684
            0.000000  0.225000  0.225000
   -6.659   -6.659    2.689    2.723    3.959    4.018    4.758    4.764    8.219    8.255
    9.273    9.279    9.493    9.495   10.474   10.487
            0.000000  0.187500  0.187500
   -6.756   -6.756    3.123    3.154    4.204    4.259    4.808    4.814    8.047    8.077
    9.203    9.215    9.394    9.396   10.173   10.194
            0.000000  0.150000  0.150000
   -6.837   -6.837    3.564    3.592    4.419    4.468    4.849    4.856    7.836    7.859
    9.163    9.178    9.312    9.315    9.843    9.865
            0.000000  0.112500  0.112500
   -6.901   -6.901    3.995    4.019    4.596    4.636    4.887    4.893    7.583    7.598
    9.147    9.163    9.249    9.252    9.550    9.569
            0.000000  0.075000  0.075000
   -6.947   -6.947    4.377    4.394    4.740    4.765    4.927    4.930    7.303    7.309
    9.147    9.160    9.204    9.208    9.335    9.347
            0.000000  0.037500  0.037500
   -6.975   -6.975    4.617    4.621    4.888    4.893    4.962    4.963    7.055    7.056
    9.147    9.152    9.183    9.185    9.213    9.217
            0.000000  0.000000  0.000000
   -6.984   -6.984    4.677    4.677    4.976    4.976    4.976    4.976    6.947    6.947
    9.140    9.140    9.180    9.180    9.180    9.180
