 &plot nbnd=  10, nks=   301 /
            0.000000  0.000000  0.000000
   -8.580   -8.580   -8.580   -8.514   -8.514   -6.255    6.125    6.125    6.125    6.275
            0.016667 -0.009623  0.013608
   -8.581   -8.580   -8.580   -8.514   -8.514   -6.251    5.902    6.112    6.112    6.498
            0.033333 -0.019245  0.027217
   -8.582   -8.580   -8.580   -8.514   -8.514   -6.239    5.619    6.071    6.071    6.779
            0.050000 -0.028868  0.040825
   -8.583   -8.579   -8.579   -8.514   -8.514   -6.218    5.333    6.006    6.006    7.061
            0.066667 -0.038490  0.054433
   -8.585   -8.579   -8.579   -8.515   -8.513   -6.190    5.047    5.921    5.921    7.339
            0.083333 -0.048113  0.068041
   -8.588   -8.578   -8.578   -8.515   -8.513   -6.154    4.763    5.819    5.819    7.609
            0.100000 -0.057735  0.081650
   -8.591   -8.576   -8.576   -8.515   -8.513   -6.110    4.481    5.704    5.704    7.867
            0.116667 -0.067358  0.095258
   -8.595   -8.575   -8.575   -8.516   -8.512   -6.058    4.200    5.581    5.581    8.107
            0.133333 -0.076980  0.108866
   -8.599   -8.574   -8.574   -8.517   -8.512   -5.999    3.922    5.451    5.451    8.318
            0.150000 -0.086603  0.122474
   -8.603   -8.572   -8.572   -8.517   -8.511   -5.932    3.647    5.318    5.318    8.473
            0.166667 -0.096225  0.136083
   -8.608   -8.570   -8.570   -8.518   -8.511   -5.859    3.374    5.184    5.184    8.536
            0.183333 -0.105848  0.149691
   -8.613   -8.568   -8.568   -8.519   -8.510   -5.778    3.104    5.051    5.051    8.503
            0.200000 -0.115470  0.163299
   -8.617   -8.566   -8.566   -8.520   -8.510   -5.691    2.837    4.920    4.920    8.422
            0.216667 -0.125093  0.176908
   -8.622   -8.564   -8.564   -8.521   -8.509   -5.598    2.574    4.791    4.791    8.324
            0.233333 -0.134715  0.190516
   -8.627   -8.562   -8.562   -8.522   -8.509   -5.499    2.315    4.667    4.667    8.224
            0.250000 -0.144338  0.204124
   -8.632   -8.560   -8.560   -8.523   -8.508   -5.395    2.060    4.547    4.547    8.126
            0.266667 -0.153960  0.217732
   -8.637   -8.558   -8.558   -8.524   -8.507   -5.286    1.809    4.433    4.433    8.033
            0.283333 -0.163583  0.231341
   -8.641   -8.556   -8.556   -8.525   -8.507   -5.172    1.564    4.325    4.325    7.948
            0.300000 -0.173205  0.244949
   -8.645   -8.554   -8.554   -8.526   -8.506   -5.055    1.325    4.224    4.224    7.871
            0.316667 -0.182828  0.258557
   -8.650   -8.552   -8.552   -8.528   -8.505   -4.936    1.093    4.130    4.130    7.802
            0.333333 -0.192450  0.272166
   -8.653   -8.550   -8.550   -8.529   -8.505   -4.815    0.869    4.043    4.043    7.743
            0.350000 -0.202073  0.285774
   -8.657   -8.548   -8.548   -8.530   -8.504   -4.693    0.654    3.963    3.963    7.694
            0.366667 -0.211695  0.299382
   -8.660   -8.546   -8.546   -8.530   -8.504   -4.573    0.450    3.891    3.891    7.654
            0.383333 -0.221318  0.312990
   -8.663   -8.544   -8.544   -8.531   -8.503   -4.457    0.259    3.827    3.827    7.625
            0.400000 -0.230940  0.326599
   -8.666   -8.543   -8.543   -8.532   -8.503   -4.345    0.083    3.772    3.772    7.606
            0.416667 -0.240563  0.340207
   -8.668   -8.542   -8.542   -8.533   -8.503   -4.243   -0.074    3.724    3.724    7.598
            0.433333 -0.250185  0.353815
   -8.669   -8.541   -8.541   -8.533   -8.502   -4.151   -0.210    3.685    3.685    7.600
            0.450000 -0.259808  0.367423
   -8.671   -8.540   -8.540   -8.534   -8.502   -4.075   -0.321    3.655    3.655    7.612
            0.466667 -0.269430  0.381032
   -8.672   -8.539   -8.539   -8.534   -8.502   -4.017   -0.404    3.633    3.633    7.633
            0.483333 -0.279053  0.394640
   -8.673   -8.539   -8.539   -8.534   -8.502   -3.981   -0.455    3.620    3.620    7.659
            0.500000 -0.288675  0.408248
   -8.673   -8.539   -8.539   -8.534   -8.502   -3.969   -0.472    3.616    3.616    7.675
            0.500000 -0.279053  0.415052
   -8.673   -8.539   -8.539   -8.534   -8.502   -3.969   -0.472    3.613    3.614    7.680
            0.500000 -0.269430  0.421857
   -8.673   -8.539   -8.539   -8.534   -8.502   -3.968   -0.471    3.605    3.608    7.696
            0.500000 -0.259808  0.428661
   -8.672   -8.539   -8.539   -8.534   -8.502   -3.968   -0.469    3.592    3.597    7.722
            0.500000 -0.250185  0.435465
   -8.672   -8.540   -8.539   -8.534   -8.502   -3.967   -0.466    3.574    3.583    7.758
            0.500000 -0.240563  0.442269
   -8.672   -8.540   -8.539   -8.533   -8.502   -3.966   -0.462    3.552    3.565    7.804
            0.500000 -0.230940  0.449073
   -8.672   -8.540   -8.540   -8.533   -8.502   -3.965   -0.458    3.525    3.544    7.859
            0.500000 -0.221318  0.455877
   -8.671   -8.541   -8.540   -8.533   -8.503   -3.963   -0.453    3.495    3.520    7.924
            0.500000 -0.211695  0.462681
   -8.671   -8.541   -8.540   -8.532   -8.503   -3.961   -0.448    3.462    3.494    7.997
            0.500000 -0.202073  0.469486
   -8.671   -8.542   -8.540   -8.532   -8.503   -3.959   -0.441    3.426    3.466    8.079
            0.500000 -0.192450  0.476290
   -8.670   -8.543   -8.540   -8.531   -8.503   -3.957   -0.435    3.388    3.436    8.168
            0.500000 -0.182828  0.483094
   -8.670   -8.543   -8.541   -8.531   -8.504   -3.955   -0.427    3.348    3.405    8.265
            0.500000 -0.173205  0.489898
   -8.669   -8.544   -8.541   -8.530   -8.504   -3.953   -0.420    3.307    3.373    8.368
            0.500000 -0.163583  0.496702
   -8.668   -8.545   -8.541   -8.530   -8.504   -3.950   -0.412    3.266    3.341    8.479
            0.500000 -0.153960  0.503506
   -8.668   -8.546   -8.541   -8.529   -8.504   -3.948   -0.403    3.225    3.309    8.595
            0.500000 -0.144338  0.510310
   -8.667   -8.546   -8.541   -8.529   -8.505   -3.945   -0.395    3.183    3.277    8.717
            0.500000 -0.134715  0.517115
   -8.667   -8.547   -8.541   -8.528   -8.505   -3.943   -0.386    3.143    3.246    8.845
            0.500000 -0.125093  0.523919
   -8.666   -8.548   -8.541   -8.527   -8.506   -3.941   -0.378    3.103    3.216    8.978
            0.500000 -0.115470  0.530723
   -8.665   -8.549   -8.542   -8.527   -8.506   -3.938   -0.369    3.066    3.187    9.115
            0.500000 -0.105848  0.537527
   -8.665   -8.550   -8.542   -8.526   -8.506   -3.936   -0.361    3.029    3.160    9.257
            0.500000 -0.096225  0.544331
   -8.664   -8.550   -8.542   -8.526   -8.507   -3.934   -0.353    2.995    3.134    9.404
            0.500000 -0.086603  0.551135
   -8.664   -8.551   -8.542   -8.525   -8.507   -3.931   -0.345    2.964    3.110    9.554
            0.500000 -0.076980  0.557939
   -8.663   -8.552   -8.542   -8.525   -8.508   -3.929   -0.338    2.934    3.089    9.707
            0.500000 -0.067358  0.564743
   -8.663   -8.552   -8.542   -8.524   -8.508   -3.928   -0.331    2.908    3.069    9.864
            0.500000 -0.057735  0.571548
   -8.662   -8.553   -8.542   -8.524   -8.508   -3.926   -0.325    2.885    3.052   10.015
            0.500000 -0.048113  0.578352
   -8.662   -8.553   -8.542   -8.524   -8.509   -3.925   -0.320    2.865    3.037   10.140
            0.500000 -0.038490  0.585156
   -8.662   -8.554   -8.542   -8.523   -8.509   -3.924   -0.316    2.849    3.025   10.256
            0.500000 -0.028868  0.591960
   -8.661   -8.554   -8.542   -8.523   -8.509   -3.923   -0.312    2.836    3.016   10.357
            0.500000 -0.019245  0.598764
   -8.661   -8.554   -8.542   -8.523   -8.509   -3.922   -0.310    2.826    3.009   10.438
            0.500000 -0.009623  0.605568
   -8.661   -8.554   -8.542   -8.523   -8.509   -3.922   -0.309    2.821    3.005   10.491
            0.500000  0.000000  0.612372
   -8.661   -8.554   -8.542   -8.523   -8.509   -3.922   -0.308    2.819    3.003   10.509
            0.495833  0.007217  0.611964
   -8.661   -8.554   -8.542   -8.523   -8.509   -3.922   -0.308    2.816    3.008   10.499
            0.491667  0.014434  0.611556
   -8.661   -8.554   -8.542   -8.523   -8.509   -3.923   -0.307    2.808    3.021   10.464
            0.487500  0.021651  0.611148
   -8.661   -8.554   -8.542   -8.523   -8.509   -3.925   -0.307    2.795    3.041   10.402
            0.483333  0.028868  0.610739
   -8.661   -8.554   -8.542   -8.523   -8.509   -3.927   -0.306    2.780    3.068   10.317
            0.479167  0.036084  0.610331
   -8.661   -8.554   -8.542   -8.523   -8.509   -3.930   -0.305    2.763    3.099   10.216
            0.475000  0.043301  0.609923
   -8.661   -8.554   -8.542   -8.523   -8.509   -3.933   -0.303    2.746    3.134   10.105
            0.470833  0.050518  0.609515
   -8.661   -8.554   -8.542   -8.523   -8.509   -3.937   -0.302    2.728    3.172    9.988
            0.466667  0.057735  0.609106
   -8.661   -8.554   -8.543   -8.523   -8.509   -3.941   -0.301    2.710    3.213    9.868
            0.462500  0.064952  0.608698
   -8.661   -8.554   -8.543   -8.523   -8.509   -3.945   -0.300    2.693    3.256    9.748
            0.458333  0.072169  0.608290
   -8.661   -8.554   -8.543   -8.523   -8.509   -3.949   -0.299    2.676    3.301    9.627
            0.454167  0.079386  0.607882
   -8.661   -8.554   -8.543   -8.523   -8.509   -3.954   -0.298    2.659    3.347    9.507
            0.450000  0.086603  0.607473
   -8.661   -8.553   -8.543   -8.523   -8.509   -3.959   -0.297    2.643    3.395    9.389
            0.445833  0.093819  0.607065
   -8.661   -8.553   -8.543   -8.523   -8.509   -3.963   -0.296    2.627    3.444    9.273
            0.441667  0.101036  0.606657
   -8.661   -8.553   -8.543   -8.523   -8.508   -3.968   -0.295    2.613    3.493    9.161
            0.437500  0.108253  0.606249
   -8.661   -8.553   -8.543   -8.524   -8.508   -3.973   -0.294    2.599    3.543    9.051
            0.433333  0.115470  0.605840
   -8.662   -8.553   -8.543   -8.524   -8.508   -3.977   -0.294    2.585    3.593    8.946
            0.429167  0.122687  0.605432
   -8.662   -8.553   -8.544   -8.524   -8.508   -3.982   -0.293    2.573    3.642    8.845
            0.425000  0.129904  0.605024
   -8.662   -8.552   -8.544   -8.524   -8.508   -3.986   -0.293    2.561    3.690    8.748
            0.420833  0.137121  0.604616
   -8.662   -8.552   -8.544   -8.524   -8.508   -3.990   -0.292    2.550    3.738    8.657
            0.416667  0.144338  0.604207
   -8.662   -8.552   -8.544   -8.524   -8.508   -3.994   -0.292    2.540    3.783    8.571
            0.412500  0.151554  0.603799
   -8.662   -8.552   -8.544   -8.524   -8.508   -3.998   -0.291    2.531    3.826    8.492
            0.408333  0.158771  0.603391
   -8.662   -8.552   -8.544   -8.524   -8.508   -4.001   -0.291    2.523    3.867    8.420
            0.404167  0.165988  0.602983
   -8.662   -8.551   -8.544   -8.524   -8.508   -4.004   -0.290    2.516    3.904    8.354
            0.400000  0.173205  0.602574
   -8.662   -8.551   -8.545   -8.524   -8.508   -4.007   -0.290    2.509    3.938    8.296
            0.395833  0.180422  0.602166
   -8.662   -8.551   -8.545   -8.524   -8.508   -4.009   -0.289    2.503    3.968    8.247
            0.391667  0.187639  0.601758
   -8.662   -8.551   -8.545   -8.524   -8.508   -4.012   -0.289    2.499    3.993    8.206
            0.387500  0.194856  0.601350
   -8.662   -8.551   -8.545   -8.524   -8.508   -4.013   -0.288    2.495    4.013    8.173
            0.383333  0.202073  0.600941
   -8.662   -8.551   -8.545   -8.524   -8.508   -4.015   -0.288    2.492    4.028    8.150
            0.379167  0.209289  0.600533
   -8.662   -8.551   -8.545   -8.524   -8.508   -4.016   -0.287    2.489    4.038    8.137
            0.375000  0.216506  0.600125
   -8.662   -8.551   -8.545   -8.524   -8.508   -4.016   -0.287    2.488    4.042    8.133
            0.362500  0.209289  0.580121
   -8.660   -8.552   -8.546   -8.523   -8.508   -4.049   -0.246    2.437    4.121    8.205
            0.350000  0.202073  0.560117
   -8.658   -8.553   -8.547   -8.521   -8.509   -4.091   -0.197    2.412    4.207    8.279
            0.337500  0.194856  0.540112
   -8.657   -8.555   -8.549   -8.520   -8.510   -4.144   -0.138    2.411    4.297    8.354
            0.325000  0.187639  0.520108
   -8.655   -8.556   -8.550   -8.519   -8.511   -4.208   -0.068    2.436    4.392    8.429
            0.312500  0.180422  0.500104
   -8.653   -8.557   -8.552   -8.517   -8.512   -4.283    0.016    2.484    4.490    8.502
            0.300000  0.173205  0.480100
   -8.651   -8.558   -8.553   -8.516   -8.513   -4.367    0.115    2.553    4.591    8.570
            0.287500  0.165988  0.460096
   -8.649   -8.559   -8.555   -8.515   -8.513   -4.460    0.228    2.642    4.695    8.630
            0.275000  0.158771  0.440092
   -8.646   -8.559   -8.556   -8.514   -8.514   -4.560    0.358    2.749    4.800    8.680
            0.262500  0.151554  0.420087
   -8.644   -8.560   -8.558   -8.515   -8.513   -4.666    0.504    2.873    4.906    8.717
            0.250000  0.144338  0.400083
   -8.641   -8.561   -8.559   -8.515   -8.513   -4.777    0.665    3.012    5.012    8.738
            0.237500  0.137121  0.380079
   -8.639   -8.562   -8.561   -8.515   -8.512   -4.890    0.842    3.164    5.116    8.743
            0.225000  0.129904  0.360075
   -8.636   -8.563   -8.562   -8.516   -8.512   -5.004    1.034    3.328    5.219    8.731
            0.212500  0.122687  0.340071
   -8.632   -8.564   -8.563   -8.516   -8.512   -5.118    1.240    3.502    5.318    8.702
            0.200000  0.115470  0.320067
   -8.629   -8.566   -8.564   -8.516   -8.512   -5.231    1.460    3.686    5.414    8.658
            0.187500  0.108253  0.300062
   -8.625   -8.567   -8.565   -8.516   -8.512   -5.341    1.693    3.877    5.505    8.601
            0.175000  0.101036  0.280058
   -8.621   -8.569   -8.566   -8.516   -8.512   -5.448    1.939    4.074    5.591    8.533
            0.162500  0.093819  0.260054
   -8.618   -8.570   -8.567   -8.516   -8.512   -5.551    2.196    4.275    5.671    8.455
            0.150000  0.086603  0.240050
   -8.614   -8.572   -8.568   -8.516   -8.512   -5.649    2.465    4.479    5.744    8.369
            0.137500  0.079386  0.220046
   -8.609   -8.573   -8.570   -8.516   -8.512   -5.740    2.744    4.683    5.810    8.275
            0.125000  0.072169  0.200042
   -8.605   -8.574   -8.571   -8.516   -8.512   -5.826    3.034    4.886    5.870    8.172
            0.112500  0.064952  0.180037
   -8.601   -8.575   -8.573   -8.515   -8.513   -5.905    3.332    5.083    5.922    8.061
            0.100000  0.057735  0.160033
   -8.598   -8.576   -8.574   -8.515   -8.513   -5.976    3.638    5.273    5.968    7.937
            0.087500  0.050518  0.140029
   -8.594   -8.577   -8.575   -8.515   -8.513   -6.040    3.951    5.453    6.007    7.799
            0.075000  0.043301  0.120025
   -8.591   -8.578   -8.576   -8.515   -8.513   -6.097    4.270    5.617    6.040    7.643
            0.062500  0.036084  0.100021
   -8.588   -8.579   -8.577   -8.514   -8.514   -6.144    4.593    5.764    6.067    7.465
            0.050000  0.028868  0.080017
   -8.585   -8.579   -8.578   -8.514   -8.514   -6.184    4.919    5.890    6.089    7.261
            0.037500  0.021651  0.060012
   -8.583   -8.580   -8.579   -8.514   -8.514   -6.215    5.245    5.991    6.105    7.032
            0.025000  0.014434  0.040008
   -8.581   -8.580   -8.580   -8.514   -8.514   -6.237    5.567    6.065    6.116    6.778
            0.012500  0.007217  0.020004
   -8.581   -8.580   -8.580   -8.514   -8.514   -6.250    5.882    6.110    6.123    6.505
            0.000000  0.000000  0.000000
   -8.580   -8.580   -8.580   -8.514   -8.514   -6.255    6.125    6.125    6.125    6.275
            0.016667  0.009623  0.006804
   -8.580   -8.580   -8.580   -8.514   -8.514   -6.252    5.932    6.121    6.121    6.456
            0.033333  0.019245  0.013608
   -8.581   -8.580   -8.580   -8.514   -8.514   -6.243    5.671    6.108    6.108    6.680
            0.050000  0.028868  0.020412
   -8.582   -8.580   -8.580   -8.514   -8.514   -6.228    5.399    6.086    6.086    6.887
            0.066667  0.038490  0.027217
   -8.583   -8.579   -8.579   -8.514   -8.514   -6.206    5.121    6.057    6.057    7.072
            0.083333  0.048113  0.034021
   -8.585   -8.579   -8.579   -8.514   -8.514   -6.179    4.839    6.020    6.020    7.228
            0.100000  0.057735  0.040825
   -8.587   -8.578   -8.578   -8.514   -8.514   -6.146    4.554    5.978    5.978    7.354
            0.116667  0.067358  0.047629
   -8.589   -8.578   -8.578   -8.514   -8.514   -6.107    4.269    5.931    5.931    7.447
            0.133333  0.076980  0.054433
   -8.592   -8.577   -8.577   -8.514   -8.514   -6.063    3.984    5.881    5.881    7.509
            0.150000  0.086603  0.061237
   -8.595   -8.576   -8.576   -8.514   -8.514   -6.013    3.700    5.827    5.827    7.543
            0.166667  0.096225  0.068041
   -8.598   -8.575   -8.575   -8.514   -8.514   -5.958    3.419    5.771    5.771    7.554
            0.183333  0.105848  0.074846
   -8.601   -8.574   -8.574   -8.514   -8.514   -5.898    3.140    5.715    5.715    7.545
            0.200000  0.115470  0.081650
   -8.604   -8.573   -8.573   -8.514   -8.514   -5.834    2.866    5.658    5.658    7.523
            0.216667  0.125093  0.088454
   -8.607   -8.573   -8.573   -8.514   -8.514   -5.765    2.596    5.602    5.602    7.492
            0.233333  0.134715  0.095258
   -8.611   -8.572   -8.572   -8.514   -8.514   -5.691    2.332    5.546    5.546    7.453
            0.250000  0.144338  0.102062
   -8.614   -8.571   -8.571   -8.513   -8.513   -5.615    2.074    5.492    5.492    7.411
            0.266667  0.153960  0.108866
   -8.617   -8.570   -8.570   -8.513   -8.513   -5.535    1.823    5.440    5.440    7.366
            0.283333  0.163583  0.115670
   -8.621   -8.569   -8.569   -8.513   -8.513   -5.453    1.580    5.391    5.391    7.321
            0.300000  0.173205  0.122474
   -8.624   -8.568   -8.568   -8.513   -8.513   -5.368    1.347    5.344    5.344    7.276
            0.316667  0.182828  0.129279
   -8.627   -8.568   -8.568   -8.512   -8.512   -5.283    1.123    5.299    5.299    7.233
            0.333333  0.192450  0.136083
   -8.629   -8.567   -8.567   -8.512   -8.512   -5.198    0.911    5.258    5.258    7.193
            0.350000  0.202073  0.142887
   -8.632   -8.566   -8.566   -8.512   -8.512   -5.113    0.711    5.221    5.221    7.155
            0.366667  0.211695  0.149691
   -8.634   -8.566   -8.566   -8.511   -8.511   -5.031    0.525    5.187    5.187    7.120
            0.383333  0.221318  0.156495
   -8.637   -8.565   -8.565   -8.511   -8.511   -4.952    0.355    5.156    5.156    7.088
            0.400000  0.230940  0.163299
   -8.639   -8.565   -8.565   -8.511   -8.511   -4.879    0.202    5.130    5.130    7.061
            0.416667  0.240563  0.170103
   -8.640   -8.565   -8.565   -8.511   -8.511   -4.813    0.068    5.107    5.107    7.037
            0.433333  0.250185  0.176908
   -8.642   -8.564   -8.564   -8.510   -8.510   -4.755   -0.045    5.089    5.089    7.018
            0.450000  0.259808  0.183712
   -8.643   -8.564   -8.564   -8.510   -8.510   -4.708   -0.135    5.074    5.074    7.003
            0.466667  0.269430  0.190516
   -8.643   -8.564   -8.564   -8.510   -8.510   -4.673   -0.201    5.064    5.064    6.992
            0.483333  0.279053  0.197320
   -8.644   -8.564   -8.564   -8.510   -8.510   -4.651   -0.242    5.057    5.057    6.985
            0.500000  0.288675  0.204124
   -8.644   -8.564   -8.564   -8.510   -8.510   -4.644   -0.255    5.055    5.055    6.983
            0.504167  0.276647  0.210928
   -8.644   -8.564   -8.564   -8.510   -8.510   -4.643   -0.254    5.037    5.053    7.002
            0.508333  0.264619  0.217732
   -8.644   -8.564   -8.564   -8.510   -8.510   -4.639   -0.252    4.983    5.045    7.057
            0.512500  0.252591  0.224537
   -8.644   -8.564   -8.564   -8.510   -8.510   -4.633   -0.249    4.899    5.032    7.142
            0.516667  0.240563  0.231341
   -8.644   -8.564   -8.563   -8.510   -8.510   -4.625   -0.245    4.793    5.015    7.249
            0.520833  0.228534  0.238145
   -8.645   -8.564   -8.563   -8.511   -8.510   -4.615   -0.239    4.671    4.993    7.372
            0.525000  0.216506  0.244949
   -8.645   -8.563   -8.563   -8.511   -8.510   -4.602   -0.232    4.538    4.966    7.504
            0.529167  0.204478  0.251753
   -8.645   -8.563   -8.562   -8.511   -8.510   -4.588   -0.225    4.397    4.936    7.640
            0.533333  0.192450  0.258557
   -8.646   -8.563   -8.561   -8.512   -8.510   -4.571   -0.216    4.253    4.902    7.777
            0.537500  0.180422  0.265361
   -8.646   -8.562   -8.561   -8.512   -8.510   -4.552   -0.207    4.107    4.866    7.909
            0.541667  0.168394  0.272166
   -8.647   -8.562   -8.560   -8.513   -8.510   -4.531   -0.198    3.961    4.826    8.032
            0.545833  0.156366  0.278970
   -8.647   -8.562   -8.559   -8.513   -8.510   -4.508   -0.188    3.817    4.784    8.143
            0.550000  0.144338  0.285774
   -8.648   -8.561   -8.559   -8.514   -8.510   -4.484   -0.179    3.676    4.741    8.239
            0.554167  0.132309  0.292578
   -8.649   -8.561   -8.558   -8.514   -8.510   -4.458   -0.170    3.538    4.696    8.318
            0.558333  0.120281  0.299382
   -8.649   -8.560   -8.557   -8.515   -8.510   -4.431   -0.162    3.406    4.650    8.377
            0.562500  0.108253  0.306186
   -8.650   -8.560   -8.556   -8.516   -8.510   -4.402   -0.155    3.280    4.603    8.417
            0.566667  0.096225  0.312990
   -8.651   -8.559   -8.555   -8.516   -8.510   -4.372   -0.150    3.160    4.556    8.439
            0.570833  0.084197  0.319794
   -8.652   -8.558   -8.554   -8.517   -8.510   -4.341   -0.146    3.048    4.509    8.446
            0.575000  0.072169  0.326599
   -8.653   -8.558   -8.553   -8.518   -8.510   -4.309   -0.145    2.944    4.463    8.441
            0.579167  0.060141  0.333403
   -8.654   -8.557   -8.552   -8.518   -8.510   -4.278   -0.147    2.850    4.417    8.426
            0.583333  0.048113  0.340207
   -8.654   -8.556   -8.551   -8.519   -8.510   -4.246   -0.151    2.765    4.372    8.404
            0.587500  0.036084  0.347011
   -8.655   -8.556   -8.550   -8.520   -8.509   -4.214   -0.159    2.691    4.328    8.377
            0.591667  0.024056  0.353815
   -8.656   -8.555   -8.550   -8.520   -8.509   -4.182   -0.169    2.628    4.285    8.346
            0.595833  0.012028  0.360619
   -8.657   -8.554   -8.549   -8.521   -8.509   -4.152   -0.182    2.576    4.244    8.314
            0.600000  0.000000  0.367423
   -8.658   -8.554   -8.548   -8.522   -8.509   -4.123   -0.198    2.536    4.204    8.281
            0.604167 -0.012028  0.374228
   -8.659   -8.553   -8.547   -8.522   -8.509   -4.096   -0.216    2.506    4.166    8.248
            0.608333 -0.024056  0.381032
   -8.660   -8.552   -8.547   -8.523   -8.508   -4.071   -0.234    2.488    4.131    8.216
            0.612500 -0.036084  0.387836
   -8.660   -8.552   -8.546   -8.523   -8.508   -4.049   -0.254    2.480    4.097    8.185
            0.616667 -0.048113  0.394640
   -8.661   -8.551   -8.546   -8.524   -8.508   -4.030   -0.272    2.483    4.066    8.156
            0.620833 -0.060141  0.401444
   -8.662   -8.551   -8.545   -8.524   -8.508   -4.016   -0.289    2.494    4.037    8.129
            0.625000 -0.072169  0.408248
   -8.662   -8.550   -8.545   -8.525   -8.507   -4.005   -0.302    2.515    4.010    8.105
            0.620833 -0.069763  0.415052
   -8.662   -8.550   -8.545   -8.525   -8.507   -4.005   -0.302    2.516    4.008    8.109
            0.616667 -0.067358  0.421857
   -8.662   -8.550   -8.545   -8.525   -8.507   -4.004   -0.302    2.517    3.999    8.124
            0.612500 -0.064952  0.428661
   -8.662   -8.550   -8.545   -8.525   -8.507   -4.003   -0.302    2.519    3.985    8.148
            0.608333 -0.062546  0.435465
   -8.662   -8.551   -8.544   -8.525   -8.507   -4.002   -0.302    2.522    3.966    8.181
            0.604167 -0.060141  0.442269
   -8.662   -8.551   -8.544   -8.525   -8.507   -4.001   -0.302    2.526    3.942    8.223
            0.600000 -0.057735  0.449073
   -8.662   -8.551   -8.544   -8.525   -8.507   -3.999   -0.302    2.531    3.913    8.274
            0.595833 -0.055329  0.455877
   -8.662   -8.551   -8.544   -8.525   -8.507   -3.996   -0.301    2.537    3.881    8.333
            0.591667 -0.052924  0.462681
   -8.662   -8.551   -8.544   -8.524   -8.508   -3.994   -0.301    2.543    3.844    8.399
            0.587500 -0.050518  0.469486
   -8.662   -8.551   -8.544   -8.524   -8.508   -3.991   -0.301    2.551    3.805    8.473
            0.583333 -0.048113  0.476290
   -8.662   -8.552   -8.544   -8.524   -8.508   -3.988   -0.301    2.559    3.763    8.553
            0.579167 -0.045707  0.483094
   -8.662   -8.552   -8.544   -8.524   -8.508   -3.984   -0.300    2.568    3.718    8.640
            0.575000 -0.043301  0.489898
   -8.662   -8.552   -8.544   -8.524   -8.508   -3.981   -0.300    2.578    3.672    8.732
            0.570833 -0.040896  0.496702
   -8.662   -8.552   -8.543   -8.524   -8.508   -3.977   -0.300    2.589    3.625    8.829
            0.566667 -0.038490  0.503506
   -8.662   -8.552   -8.543   -8.524   -8.508   -3.973   -0.300    2.600    3.576    8.931
            0.562500 -0.036084  0.510310
   -8.662   -8.553   -8.543   -8.524   -8.508   -3.969   -0.300    2.613    3.528    9.038
            0.558333 -0.033679  0.517115
   -8.662   -8.553   -8.543   -8.524   -8.508   -3.964   -0.300    2.626    3.479    9.148
            0.554167 -0.031273  0.523919
   -8.662   -8.553   -8.543   -8.524   -8.508   -3.960   -0.301    2.640    3.431    9.262
            0.550000 -0.028868  0.530723
   -8.662   -8.553   -8.543   -8.523   -8.509   -3.956   -0.301    2.654    3.383    9.379
            0.545833 -0.026462  0.537527
   -8.661   -8.554   -8.543   -8.523   -8.509   -3.951   -0.301    2.669    3.336    9.498
            0.541667 -0.024056  0.544331
   -8.661   -8.554   -8.543   -8.523   -8.509   -3.947   -0.302    2.685    3.291    9.619
            0.537500 -0.021651  0.551135
   -8.661   -8.554   -8.543   -8.523   -8.509   -3.943   -0.302    2.701    3.247    9.741
            0.533333 -0.019245  0.557939
   -8.661   -8.554   -8.543   -8.523   -8.509   -3.939   -0.303    2.718    3.205    9.863
            0.529167 -0.016839  0.564743
   -8.661   -8.554   -8.542   -8.523   -8.509   -3.936   -0.304    2.734    3.165    9.984
            0.525000 -0.014434  0.571548
   -8.661   -8.554   -8.542   -8.523   -8.509   -3.932   -0.305    2.751    3.128   10.102
            0.520833 -0.012028  0.578352
   -8.661   -8.554   -8.542   -8.523   -8.509   -3.929   -0.305    2.768    3.095   10.214
            0.516667 -0.009623  0.585156
   -8.661   -8.554   -8.542   -8.523   -8.509   -3.927   -0.306    2.783    3.065   10.316
            0.512500 -0.007217  0.591960
   -8.661   -8.554   -8.542   -8.523   -8.509   -3.925   -0.307    2.797    3.039   10.402
            0.508333 -0.004811  0.598764
   -8.661   -8.554   -8.542   -8.523   -8.509   -3.923   -0.307    2.809    3.020   10.464
            0.504167 -0.002406  0.605568
   -8.661   -8.554   -8.542   -8.523   -8.509   -3.922   -0.308    2.816    3.007   10.499
            0.500000  0.000000  0.612372
   -8.661   -8.554   -8.542   -8.523   -8.509   -3.922   -0.308    2.819    3.003   10.509
            0.500000  0.009623  0.598764
   -8.661   -8.555   -8.542   -8.523   -8.509   -3.924   -0.306    2.798    3.030   10.478
            0.500000  0.019245  0.585156
   -8.661   -8.555   -8.542   -8.522   -8.509   -3.932   -0.299    2.757    3.092   10.404
            0.500000  0.028868  0.571548
   -8.661   -8.555   -8.543   -8.522   -8.509   -3.945   -0.288    2.715    3.168   10.312
            0.500000  0.038490  0.557939
   -8.660   -8.555   -8.543   -8.522   -8.509   -3.963   -0.274    2.678    3.252   10.213
            0.500000  0.048113  0.544331
   -8.660   -8.555   -8.543   -8.522   -8.510   -3.984   -0.257    2.651    3.342   10.110
            0.500000  0.057735  0.530723
   -8.659   -8.556   -8.544   -8.522   -8.510   -4.010   -0.238    2.633    3.436   10.006
            0.500000  0.067358  0.517115
   -8.659   -8.556   -8.545   -8.521   -8.510   -4.040   -0.219    2.628    3.533    9.901
            0.500000  0.076980  0.503506
   -8.658   -8.556   -8.545   -8.521   -8.510   -4.072   -0.201    2.635    3.631    9.795
            0.500000  0.086603  0.489898
   -8.657   -8.557   -8.546   -8.520   -8.510   -4.106   -0.184    2.656    3.731    9.688
            0.500000  0.096225  0.476290
   -8.656   -8.557   -8.547   -8.520   -8.510   -4.142   -0.169    2.691    3.831    9.579
            0.500000  0.105848  0.462681
   -8.655   -8.557   -8.548   -8.519   -8.510   -4.179   -0.157    2.741    3.931    9.469
            0.500000  0.115470  0.449073
   -8.655   -8.558   -8.549   -8.519   -8.510   -4.217   -0.148    2.805    4.030    9.355
            0.500000  0.125093  0.435465
   -8.654   -8.558   -8.550   -8.518   -8.510   -4.255   -0.143    2.883    4.128    9.239
            0.500000  0.134715  0.421857
   -8.653   -8.559   -8.552   -8.518   -8.510   -4.293   -0.141    2.975    4.223    9.119
            0.500000  0.144338  0.408248
   -8.652   -8.559   -8.553   -8.517   -8.510   -4.330   -0.143    3.080    4.316    8.994
            0.500000  0.153960  0.394640
   -8.651   -8.560   -8.554   -8.516   -8.510   -4.366   -0.147    3.196    4.404    8.865
            0.500000  0.163583  0.381032
   -8.650   -8.560   -8.555   -8.515   -8.510   -4.401   -0.154    3.324    4.489    8.730
            0.500000  0.173205  0.367423
   -8.649   -8.561   -8.556   -8.515   -8.510   -4.434   -0.162    3.462    4.570    8.589
            0.500000  0.182828  0.353815
   -8.648   -8.561   -8.558   -8.514   -8.510   -4.466   -0.172    3.608    4.645    8.441
            0.500000  0.192450  0.340207
   -8.648   -8.562   -8.559   -8.514   -8.510   -4.495   -0.183    3.762    4.714    8.288
            0.500000  0.202073  0.326599
   -8.647   -8.562   -8.560   -8.513   -8.510   -4.522   -0.194    3.921    4.778    8.130
            0.500000  0.211695  0.312990
   -8.646   -8.562   -8.561   -8.512   -8.510   -4.547   -0.205    4.084    4.836    7.967
            0.500000  0.221318  0.299382
   -8.646   -8.563   -8.561   -8.512   -8.510   -4.569   -0.215    4.249    4.887    7.802
            0.500000  0.230940  0.285774
   -8.645   -8.563   -8.562   -8.511   -8.510   -4.589   -0.225    4.412    4.931    7.637
            0.500000  0.240563  0.272166
   -8.645   -8.563   -8.563   -8.511   -8.510   -4.605   -0.234    4.571    4.969    7.476
            0.500000  0.250185  0.258557
   -8.645   -8.564   -8.563   -8.511   -8.510   -4.619   -0.241    4.720    5.000    7.324
            0.500000  0.259808  0.244949
   -8.644   -8.564   -8.564   -8.510   -8.510   -4.630   -0.247    4.853    5.024    7.189
            0.500000  0.269430  0.231341
   -8.644   -8.564   -8.564   -8.510   -8.510   -4.638   -0.252    4.960    5.042    7.080
            0.500000  0.279053  0.217732
   -8.644   -8.564   -8.564   -8.510   -8.510   -4.642   -0.254    5.030    5.052    7.008
            0.500000  0.288675  0.204124
   -8.644   -8.564   -8.564   -8.510   -8.510   -4.644   -0.255    5.055    5.055    6.983
            0.495833  0.286270  0.217324
   -8.644   -8.564   -8.564   -8.510   -8.510   -4.643   -0.254    5.038    5.053    7.001
            0.491667  0.283864  0.230524
   -8.644   -8.564   -8.564   -8.510   -8.510   -4.639   -0.253    4.986    5.046    7.053
            0.487500  0.281458  0.243724
   -8.644   -8.564   -8.564   -8.510   -8.510   -4.634   -0.249    4.907    5.034    7.134
            0.483333  0.279053  0.256924
   -8.644   -8.564   -8.563   -8.510   -8.510   -4.626   -0.245    4.805    5.017    7.237
            0.479167  0.276647  0.270124
   -8.645   -8.564   -8.563   -8.511   -8.510   -4.616   -0.240    4.688    4.996    7.355
            0.475000  0.274241  0.283324
   -8.645   -8.563   -8.563   -8.511   -8.510   -4.605   -0.233    4.559    4.972    7.482
            0.470833  0.271836  0.296524
   -8.645   -8.563   -8.562   -8.511   -8.510   -4.591   -0.226    4.423    4.943    7.615
            0.466667  0.269430  0.309724
   -8.646   -8.563   -8.562   -8.512   -8.510   -4.575   -0.218    4.283    4.911    7.748
            0.462500  0.267024  0.322924
   -8.646   -8.562   -8.561   -8.512   -8.510   -4.557   -0.209    4.141    4.876    7.877
            0.458333  0.264619  0.336124
   -8.647   -8.562   -8.560   -8.513   -8.510   -4.537   -0.200    3.999    4.839    8.000
            0.454167  0.262213  0.349324
   -8.647   -8.562   -8.560   -8.513   -8.510   -4.515   -0.191    3.857    4.799    8.112
            0.450000  0.259808  0.362524
   -8.648   -8.561   -8.559   -8.514   -8.510   -4.492   -0.182    3.719    4.757    8.211
            0.445833  0.257402  0.375725
   -8.648   -8.561   -8.558   -8.514   -8.510   -4.467   -0.173    3.583    4.715    8.293
            0.441667  0.254996  0.388925
   -8.649   -8.560   -8.557   -8.515   -8.510   -4.441   -0.165    3.452    4.670    8.357
            0.437500  0.252591  0.402125
   -8.650   -8.560   -8.556   -8.515   -8.510   -4.414   -0.157    3.326    4.626    8.404
            0.433333  0.250185  0.415325
   -8.651   -8.559   -8.555   -8.516   -8.510   -4.385   -0.151    3.206    4.581    8.433
            0.429167  0.247779  0.428525
   -8.651   -8.559   -8.555   -8.517   -8.510   -4.355   -0.147    3.094    4.535    8.447
            0.425000  0.245374  0.441725
   -8.652   -8.558   -8.554   -8.517   -8.510   -4.325   -0.145    2.988    4.490    8.447
            0.420833  0.242968  0.454925
   -8.653   -8.557   -8.553   -8.518   -8.510   -4.294   -0.145    2.892    4.445    8.438
            0.416667  0.240563  0.468125
   -8.654   -8.557   -8.552   -8.519   -8.510   -4.263   -0.147    2.804    4.401    8.420
            0.412500  0.238157  0.481325
   -8.655   -8.556   -8.551   -8.519   -8.510   -4.232   -0.153    2.726    4.358    8.397
            0.408333  0.235751  0.494525
   -8.656   -8.556   -8.550   -8.520   -8.509   -4.202   -0.161    2.658    4.316    8.369
            0.404167  0.233346  0.507725
   -8.656   -8.555   -8.549   -8.520   -8.509   -4.172   -0.172    2.600    4.276    8.339
            0.400000  0.230940  0.520925
   -8.657   -8.554   -8.549   -8.521   -8.509   -4.143   -0.185    2.553    4.237    8.308
            0.395833  0.228534  0.534125
   -8.658   -8.554   -8.548   -8.522   -8.509   -4.115   -0.201    2.517    4.199    8.276
            0.391667  0.226129  0.547325
   -8.659   -8.553   -8.547   -8.522   -8.509   -4.090   -0.218    2.491    4.164    8.245
            0.387500  0.223723  0.560525
   -8.660   -8.552   -8.547   -8.523   -8.508   -4.067   -0.237    2.476    4.130    8.214
            0.383333  0.221318  0.573725
   -8.660   -8.552   -8.546   -8.523   -8.508   -4.046   -0.255    2.471    4.098    8.185
            0.379167  0.218912  0.586925
   -8.661   -8.551   -8.546   -8.524   -8.508   -4.029   -0.272    2.475    4.069    8.158
            0.375000  0.216506  0.600125
   -8.662   -8.551   -8.545   -8.524   -8.508   -4.016   -0.287    2.488    4.042    8.133
            0.379167  0.199667  0.593729
   -8.661   -8.551   -8.545   -8.524   -8.508   -4.025   -0.274    2.471    4.055    8.175
            0.383333  0.182828  0.587333
   -8.661   -8.552   -8.546   -8.523   -8.508   -4.033   -0.262    2.459    4.048    8.255
            0.387500  0.165988  0.580937
   -8.660   -8.553   -8.546   -8.523   -8.509   -4.040   -0.248    2.454    4.022    8.371
            0.391667  0.149149  0.574541
   -8.660   -8.553   -8.546   -8.522   -8.509   -4.046   -0.235    2.455    3.979    8.520
            0.395833  0.132309  0.568146
   -8.659   -8.554   -8.546   -8.522   -8.509   -4.051   -0.223    2.462    3.925    8.696
            0.400000  0.115470  0.561750
   -8.659   -8.555   -8.546   -8.521   -8.510   -4.055   -0.211    2.475    3.862    8.896
            0.404167  0.098631  0.555354
   -8.658   -8.555   -8.545   -8.521   -8.510   -4.058   -0.200    2.495    3.794    9.114
            0.408333  0.081791  0.548958
   -8.658   -8.556   -8.545   -8.521   -8.510   -4.060   -0.192    2.520    3.724    9.344
            0.412500  0.064952  0.542562
   -8.658   -8.556   -8.545   -8.521   -8.510   -4.061   -0.185    2.551    3.656    9.579
            0.416667  0.048113  0.536166
   -8.658   -8.556   -8.545   -8.521   -8.510   -4.061   -0.181    2.587    3.590    9.802
            0.420833  0.031273  0.529770
   -8.658   -8.556   -8.545   -8.522   -8.510   -4.060   -0.180    2.629    3.531    9.983
            0.425000  0.014434  0.523374
   -8.659   -8.555   -8.544   -8.522   -8.509   -4.057   -0.182    2.675    3.478   10.072
            0.429167 -0.002406  0.516978
   -8.659   -8.555   -8.544   -8.523   -8.509   -4.054   -0.187    2.727    3.433   10.032
            0.433333 -0.019245  0.510583
   -8.660   -8.554   -8.544   -8.523   -8.508   -4.050   -0.196    2.782    3.397    9.890
            0.437500 -0.036084  0.504187
   -8.661   -8.553   -8.543   -8.524   -8.508   -4.045   -0.208    2.842    3.371    9.696
            0.441667 -0.052924  0.497791
   -8.662   -8.552   -8.543   -8.525   -8.507   -4.040   -0.224    2.904    3.354    9.485
            0.445833 -0.069763  0.491395
   -8.663   -8.551   -8.543   -8.526   -8.507   -4.034   -0.242    2.970    3.347    9.271
            0.450000 -0.086603  0.484999
   -8.664   -8.550   -8.542   -8.527   -8.506   -4.027   -0.263    3.037    3.349    9.062
            0.454167 -0.103442  0.478603
   -8.665   -8.548   -8.542   -8.528   -8.505   -4.020   -0.286    3.106    3.359    8.861
            0.458333 -0.120281  0.472207
   -8.666   -8.547   -8.542   -8.528   -8.505   -4.013   -0.310    3.175    3.376    8.671
            0.462500 -0.137121  0.465811
   -8.667   -8.546   -8.541   -8.529   -8.504   -4.007   -0.335    3.244    3.399    8.493
            0.466667 -0.153960  0.459415
   -8.668   -8.544   -8.541   -8.530   -8.504   -4.000   -0.359    3.310    3.427    8.329
            0.470833 -0.170799  0.453020
   -8.669   -8.543   -8.541   -8.531   -8.503   -3.993   -0.382    3.373    3.459    8.180
            0.475000 -0.187639  0.446624
   -8.670   -8.542   -8.540   -8.532   -8.503   -3.987   -0.404    3.432    3.491    8.048
            0.479167 -0.204478  0.440228
   -8.671   -8.541   -8.540   -8.532   -8.503   -3.982   -0.424    3.485    3.524    7.935
            0.483333 -0.221318  0.433832
   -8.672   -8.540   -8.540   -8.533   -8.502   -3.978   -0.441    3.530    3.554    7.841
            0.487500 -0.238157  0.427436
   -8.672   -8.540   -8.539   -8.533   -8.502   -3.974   -0.454    3.567    3.579    7.768
            0.491667 -0.254996  0.421040
   -8.672   -8.539   -8.539   -8.534   -8.502   -3.971   -0.464    3.594    3.599    7.716
            0.495833 -0.271836  0.414644
   -8.673   -8.539   -8.539   -8.534   -8.502   -3.970   -0.470    3.610    3.612    7.685
            0.500000 -0.288675  0.408248
   -8.673   -8.539   -8.539   -8.534   -8.502   -3.969   -0.472    3.616    3.616    7.675
