 &plot nbnd=  10, nks=   301 /
            0.000000  0.000000  0.000000
   -6.929    5.809    5.809    5.809    5.946    8.385    8.385    8.385   12.405   15.257
            0.000000  0.033333  0.000000
   -6.924    5.545    5.786    5.786    6.209    8.369    8.414    8.414   12.430   15.167
            0.000000  0.066667  0.000000
   -6.911    5.222    5.719    5.719    6.528    8.324    8.499    8.499   12.507   14.938
            0.000000  0.100000  0.000000
   -6.888    4.897    5.617    5.617    6.845    8.252    8.632    8.632   12.629   14.637
            0.000000  0.133333  0.000000
   -6.857    4.572    5.488    5.488    7.156    8.159    8.803    8.803   12.794   14.308
            0.000000  0.166667  0.000000
   -6.816    4.248    5.342    5.342    7.459    8.049    9.004    9.004   12.996   13.974
            0.000000  0.200000  0.000000
   -6.767    3.926    5.184    5.184    7.749    7.928    9.228    9.228   13.229   13.651
            0.000000  0.233333  0.000000
   -6.709    3.604    5.021    5.021    7.799    8.020    9.469    9.469   13.351   13.489
            0.000000  0.266667  0.000000
   -6.641    3.285    4.855    4.855    7.667    8.266    9.724    9.724   13.084   13.772
            0.000000  0.300000  0.000000
   -6.565    2.967    4.689    4.689    7.534    8.478    9.990    9.990   12.863   14.075
            0.000000  0.333333  0.000000
   -6.481    2.651    4.526    4.526    7.403    8.644   10.264   10.264   12.699   14.395
            0.000000  0.366667  0.000000
   -6.387    2.337    4.366    4.366    7.275    8.754   10.546   10.546   12.605   14.729
            0.000000  0.400000  0.000000
   -6.285    2.025    4.212    4.212    7.152    8.801   10.833   10.833   12.589   15.074
            0.000000  0.433333  0.000000
   -6.174    1.715    4.063    4.063    7.036    8.785   11.125   11.125   12.649   15.429
            0.000000  0.466667  0.000000
   -6.054    1.407    3.921    3.921    6.926    8.715   11.420   11.420   12.779   15.791
            0.000000  0.500000  0.000000
   -5.926    1.102    3.786    3.786    6.825    8.602   11.718   11.718   12.967   16.156
            0.000000  0.533333  0.000000
   -5.790    0.799    3.658    3.658    6.732    8.459   12.018   12.018   13.199   16.522
            0.000000  0.566667  0.000000
   -5.645    0.499    3.538    3.538    6.648    8.297   12.319   12.319   13.464   16.738
            0.000000  0.600000  0.000000
   -5.492    0.201    3.425    3.425    6.573    8.125   12.621   12.621   13.752   16.918
            0.000000  0.633333  0.000000
   -5.331   -0.093    3.322    3.322    6.509    7.950   12.923   12.923   14.058   17.107
            0.000000  0.666667  0.000000
   -5.163   -0.384    3.226    3.226    6.455    7.777   13.224   13.224   14.375   17.307
            0.000000  0.700000  0.000000
   -4.986   -0.672    3.140    3.140    6.411    7.608   13.523   13.523   14.700   17.517
            0.000000  0.733333  0.000000
   -4.801   -0.956    3.062    3.062    6.378    7.446   13.818   13.818   15.030   17.737
            0.000000  0.766667  0.000000
   -4.609   -1.237    2.993    2.993    6.356    7.293   14.107   14.107   15.362   17.967
            0.000000  0.800000  0.000000
   -4.410   -1.513    2.933    2.933    6.346    7.150   14.387   14.387   15.695   18.208
            0.000000  0.833333  0.000000
   -4.203   -1.785    2.882    2.882    6.347    7.017   14.653   14.653   16.026   18.458
            0.000000  0.866667  0.000000
   -3.989   -2.052    2.840    2.840    6.360    6.896   14.899   14.899   16.353   18.445
            0.000000  0.900000  0.000000
   -3.769   -2.314    2.808    2.808    6.385    6.787   15.114   15.114   16.675   18.291
            0.000000  0.933333  0.000000
   -3.542   -2.571    2.784    2.784    6.421    6.689   15.285   15.285   16.989   18.088
            0.000000  0.966667  0.000000
   -3.308   -2.822    2.770    2.770    6.470    6.604   15.397   15.397   17.292   17.848
            0.000000  1.000000  0.000000
   -3.068   -3.068    2.766    2.766    6.531    6.531   15.437   15.437   17.580   17.580
            0.000000  1.000000  0.016667
   -3.068   -3.068    2.763    2.763    6.537    6.537   15.427   15.427   17.568   17.568
            0.000000  1.000000  0.033333
   -3.067   -3.067    2.753    2.753    6.557    6.557   15.397   15.397   17.533   17.533
            0.000000  1.000000  0.050000
   -3.066   -3.066    2.738    2.738    6.588    6.588   15.347   15.347   17.482   17.482
            0.000000  1.000000  0.066667
   -3.064   -3.064    2.717    2.717    6.632    6.632   15.277   15.277   17.420   17.420
            0.000000  1.000000  0.083333
   -3.062   -3.062    2.691    2.691    6.687    6.687   15.187   15.187   17.356   17.356
            0.000000  1.000000  0.100000
   -3.059   -3.059    2.661    2.661    6.754    6.754   15.078   15.078   17.293   17.293
            0.000000  1.000000  0.116667
   -3.056   -3.056    2.627    2.627    6.831    6.831   14.951   14.951   17.235   17.235
            0.000000  1.000000  0.133333
   -3.053   -3.053    2.589    2.589    6.917    6.917   14.809   14.809   17.183   17.183
            0.000000  1.000000  0.150000
   -3.049   -3.049    2.549    2.549    7.013    7.013   14.652   14.652   17.138   17.138
            0.000000  1.000000  0.166667
   -3.045   -3.045    2.507    2.507    7.118    7.118   14.482   14.482   17.099   17.099
            0.000000  1.000000  0.183333
   -3.041   -3.041    2.463    2.463    7.230    7.230   14.303   14.303   17.067   17.067
            0.000000  1.000000  0.200000
   -3.036   -3.036    2.419    2.419    7.350    7.350   14.115   14.115   17.041   17.041
           -0.000000  1.000000  0.216667
   -3.031   -3.031    2.374    2.374    7.477    7.477   13.921   13.921   17.020   17.020
            0.000000  1.000000  0.233333
   -3.026   -3.026    2.330    2.330    7.611    7.611   13.721   13.721   17.002   17.002
            0.000000  1.000000  0.250000
   -3.021   -3.021    2.286    2.286    7.750    7.750   13.517   13.517   16.988   16.988
            0.000000  1.000000  0.266667
   -3.016   -3.016    2.244    2.244    7.895    7.895   13.310   13.310   16.977   16.977
            0.000000  1.000000  0.283333
   -3.011   -3.011    2.203    2.203    8.046    8.046   13.100   13.100   16.968   16.968
            0.000000  1.000000  0.300000
   -3.006   -3.006    2.164    2.164    8.201    8.201   12.889   12.889   16.961   16.961
            0.000000  1.000000  0.316667
   -3.001   -3.001    2.126    2.126    8.361    8.361   12.677   12.677   16.956   16.956
            0.000000  1.000000  0.333333
   -2.997   -2.997    2.092    2.092    8.525    8.525   12.465   12.465   16.952   16.952
           -0.000000  1.000000  0.350000
   -2.992   -2.992    2.059    2.059    8.693    8.693   12.253   12.253   16.949   16.949
            0.000000  1.000000  0.366667
   -2.988   -2.988    2.030    2.030    8.865    8.865   12.041   12.041   16.947   16.947
            0.000000  1.000000  0.383333
   -2.985   -2.985    2.004    2.004    9.041    9.041   11.831   11.831   16.946   16.946
            0.000000  1.000000  0.400000
   -2.981   -2.981    1.981    1.981    9.219    9.219   11.622   11.622   16.945   16.945
           -0.000000  1.000000  0.416667
   -2.979   -2.979    1.961    1.961    9.400    9.400   11.414   11.414   16.944   16.944
            0.000000  1.000000  0.433333
   -2.976   -2.976    1.945    1.945    9.584    9.584   11.210   11.210   16.944   16.944
            0.000000  1.000000  0.450000
   -2.974   -2.974    1.932    1.932    9.768    9.768   11.009   11.009   16.944   16.944
            0.000000  1.000000  0.466667
   -2.973   -2.973    1.923    1.923    9.949    9.949   10.815   10.815   16.944   16.944
           -0.000000  1.000000  0.483333
   -2.972   -2.972    1.917    1.917   10.117   10.117   10.640   10.640   16.944   16.944
            0.000000  1.000000  0.500000
   -2.972   -2.972    1.915    1.915   10.208   10.208   10.547   10.547   16.944   16.944
            0.000333  0.991333  0.508000
   -3.010   -2.933    1.887    1.945   10.124   10.236   10.565   10.587   16.860   17.022
            0.000667  0.982667  0.516000
   -3.048   -2.896    1.860    1.978    9.988   10.250   10.635   10.647   16.772   17.095
            0.001000  0.974000  0.524000
   -3.084   -2.861    1.833    2.014    9.836   10.253   10.711   10.732   16.681   17.160
            0.001333  0.965333  0.532000
   -3.119   -2.827    1.807    2.053    9.680   10.249   10.789   10.829   16.586   17.214
            0.001667  0.956667  0.540000
   -3.152   -2.795    1.783    2.094    9.523   10.242   10.873   10.931   16.488   17.255
            0.002000  0.948000  0.548000
   -3.185   -2.765    1.758    2.138    9.367   10.233   10.961   11.035   16.388   17.280
            0.002333  0.939333  0.556000
   -3.216   -2.736    1.735    2.185    9.213   10.223   11.051   11.141   16.285   17.286
            0.002667  0.930667  0.564000
   -3.246   -2.708    1.713    2.234    9.060   10.212   11.144   11.247   16.181   17.273
            0.003000  0.922000  0.572000
   -3.275   -2.682    1.691    2.285    8.910   10.201   11.238   11.355   16.074   17.240
            0.003333  0.913333  0.580000
   -3.302   -2.658    1.670    2.338    8.763   10.191   11.335   11.462   15.966   17.189
            0.003667  0.904667  0.588000
   -3.328   -2.635    1.651    2.393    8.619   10.181   11.432   11.570   15.857   17.124
            0.004000  0.896000  0.596000
   -3.353   -2.614    1.632    2.449    8.478   10.172   11.531   11.678   15.746   17.046
            0.004333  0.887333  0.604000
   -3.377   -2.594    1.614    2.507    8.341   10.163   11.631   11.786   15.634   16.959
            0.004667  0.878667  0.612000
   -3.399   -2.575    1.597    2.565    8.208   10.155   11.731   11.893   15.521   16.864
            0.005000  0.870000  0.620000
   -3.420   -2.558    1.581    2.624    8.079   10.148   11.832   12.000   15.407   16.765
            0.005333  0.861333  0.628000
   -3.440   -2.542    1.566    2.683    7.955   10.141   11.934   12.105   15.293   16.663
            0.005667  0.852667  0.636000
   -3.459   -2.527    1.552    2.742    7.836   10.136   12.036   12.209   15.178   16.559
            0.006000  0.844000  0.644000
   -3.476   -2.513    1.538    2.800    7.722   10.131   12.139   12.311   15.062   16.454
            0.006333  0.835333  0.652000
   -3.492   -2.500    1.526    2.858    7.614   10.127   12.241   12.411   14.947   16.350
            0.006667  0.826667  0.660000
   -3.507   -2.489    1.515    2.913    7.513   10.124   12.343   12.509   14.832   16.248
            0.007000  0.818000  0.668000
   -3.521   -2.479    1.505    2.966    7.418   10.122   12.444   12.602   14.717   16.149
            0.007333  0.809333  0.676000
   -3.533   -2.469    1.495    3.016    7.332   10.121   12.544   12.692   14.603   16.054
            0.007667  0.800667  0.684000
   -3.544   -2.461    1.487    3.063    7.253   10.120   12.641   12.777   14.491   15.964
            0.008000  0.792000  0.692000
   -3.554   -2.453    1.480    3.105    7.183   10.121   12.734   12.856   14.382   15.881
            0.008333  0.783333  0.700000
   -3.563   -2.447    1.473    3.142    7.123   10.123   12.820   12.930   14.277   15.807
            0.008667  0.774667  0.708000
   -3.570   -2.441    1.468    3.174    7.073   10.125   12.896   13.000   14.178   15.742
            0.009000  0.766000  0.716000
   -3.576   -2.436    1.463    3.200    7.034   10.129   12.957   13.063   14.088   15.689
            0.009333  0.757333  0.724000
   -3.581   -2.432    1.460    3.219    7.006   10.134   13.000   13.118   14.014   15.648
            0.009667  0.748667  0.732000
   -3.584   -2.429    1.458    3.231    6.989   10.139   13.024   13.155   13.962   15.622
            0.010000  0.740000  0.740000
   -3.587   -2.427    1.456    3.236    6.984   10.145   13.029   13.166   13.941   15.611
            0.009667  0.715333  0.715333
   -3.705   -2.301    1.400    3.325    7.067   10.661   12.776   12.880   13.613   15.327
            0.009333  0.690667  0.690667
   -3.835   -2.163    1.371    3.421    7.155   11.179   12.534   12.599   13.306   15.057
            0.009000  0.666000  0.666000
   -3.976   -2.014    1.369    3.523    7.245   11.676   12.306   12.323   13.039   14.801
            0.008667  0.641333  0.641333
   -4.125   -1.853    1.393    3.631    7.337   12.018   12.052   12.131   12.905   14.560
            0.008333  0.616667  0.616667
   -4.282   -1.681    1.441    3.743    7.430   11.789   11.870   12.113   13.135   14.334
            0.008000  0.592000  0.592000
   -4.444   -1.497    1.513    3.860    7.520   11.533   11.685   11.919   13.605   14.125
            0.007667  0.567333  0.567333
   -4.609   -1.302    1.605    3.981    7.607   11.285   11.511   11.687   13.933   14.123
            0.007333  0.542667  0.542667
   -4.775   -1.096    1.718    4.104    7.687   11.046   11.335   11.471   13.758   14.634
            0.007000  0.518000  0.518000
   -4.940   -0.878    1.848    4.230    7.757   10.816   11.130   11.311   13.603   15.106
            0.006667  0.493333  0.493333
   -5.104   -0.649    1.996    4.356    7.815   10.595   10.907   11.203   13.467   15.502
            0.006333  0.468667  0.468667
   -5.265   -0.409    2.158    4.482    7.857   10.384   10.684   11.127   13.352   15.781
            0.006000  0.444000  0.444000
   -5.422   -0.157    2.335    4.608    7.884   10.183   10.469   11.078   13.258   15.918
            0.005667  0.419333  0.419333
   -5.574    0.105    2.525    4.731    7.893    9.992   10.263   11.052   13.188   15.926
            0.005333  0.394667  0.394667
   -5.720    0.378    2.726    4.851    7.885    9.811   10.067   11.042   13.140   15.836
            0.005000  0.370000  0.370000
   -5.860    0.662    2.938    4.966    7.862    9.640    9.881   11.040   13.118   15.679
            0.004667  0.345333  0.345333
   -5.992    0.956    3.159    5.076    7.826    9.480    9.706   11.032   13.120   15.457
            0.004333  0.320667  0.320667
   -6.117    1.261    3.388    5.180    7.778    9.330    9.542   11.005   13.149   15.132
            0.004000  0.296000  0.296000
   -6.234    1.576    3.623    5.277    7.722    9.191    9.388   10.940   13.203   14.847
            0.003667  0.271333  0.271333
   -6.343    1.901    3.863    5.366    7.658    9.063    9.244   10.824   13.285   14.635
            0.003333  0.246667  0.246667
   -6.443    2.235    4.105    5.447    7.589    8.946    9.111   10.647   13.393   14.437
            0.003000  0.222000  0.222000
   -6.534    2.579    4.347    5.519    7.514    8.840    8.988   10.412   13.526   14.146
            0.002667  0.197333  0.197333
   -6.616    2.931    4.587    5.583    7.433    8.744    8.875   10.130   13.686   13.854
            0.002333  0.172667  0.172667
   -6.689    3.290    4.820    5.638    7.342    8.660    8.773    9.820   13.568   13.869
            0.002000  0.148000  0.148000
   -6.752    3.657    5.043    5.685    7.237    8.587    8.680    9.499   13.297   14.073
            0.001667  0.123333  0.123333
   -6.806    4.028    5.249    5.724    7.111    8.525    8.597    9.190   13.049   14.297
            0.001333  0.098667  0.098667
   -6.850    4.404    5.434    5.755    6.952    8.475    8.526    8.911   12.831   14.534
            0.001000  0.074000  0.074000
   -6.884    4.780    5.590    5.779    6.752    8.435    8.467    8.682   12.651   14.776
            0.000667  0.049333  0.049333
   -6.909    5.154    5.709    5.796    6.504    8.407    8.422    8.516   12.516   15.005
            0.000333  0.024667  0.024667
   -6.924    5.518    5.784    5.806    6.214    8.390    8.394    8.417   12.433   15.184
            0.000000  0.000000  0.000000
   -6.929    5.809    5.809    5.809    5.946    8.385    8.385    8.385   12.405   15.257
            0.016667  0.016667  0.016667
   -6.925    5.576    5.802    5.802    6.158    8.395    8.395    8.398   12.424   15.224
            0.033333  0.033333  0.033333
   -6.915    5.271    5.780    5.780    6.396    8.424    8.424    8.439   12.481   15.136
            0.050000  0.050000  0.050000
   -6.898    4.953    5.745    5.745    6.596    8.471    8.471    8.515   12.575   15.013
            0.066667  0.066667  0.066667
   -6.875    4.628    5.699    5.699    6.749    8.534    8.534    8.632   12.702   14.874
            0.083333  0.083333  0.083333
   -6.845    4.299    5.644    5.644    6.850    8.610    8.610    8.794   12.858   14.732
            0.100000  0.100000  0.100000
   -6.808    3.968    5.581    5.581    6.904    8.696    8.696    8.996   13.038   14.594
            0.116667  0.116667  0.116667
   -6.764    3.637    5.513    5.513    6.919    8.789    8.789    9.230   13.234   14.466
            0.133333  0.133333  0.133333
   -6.714    3.306    5.441    5.441    6.907    8.886    8.886    9.488   13.437   14.353
            0.150000  0.150000  0.150000
   -6.658    2.978    5.368    5.368    6.874    8.985    8.985    9.762   13.635   14.257
            0.166667  0.166667  0.166667
   -6.595    2.653    5.293    5.293    6.828    9.082    9.082   10.047   13.812   14.181
            0.183333  0.183333  0.183333
   -6.527    2.331    5.219    5.219    6.774    9.175    9.175   10.340   13.949   14.128
            0.200000  0.200000  0.200000
   -6.452    2.015    5.146    5.146    6.715    9.261    9.261   10.638   14.035   14.100
            0.216667  0.216667  0.216667
   -6.371    1.703    5.074    5.074    6.654    9.340    9.340   10.940   14.069   14.098
            0.233333  0.233333  0.233333
   -6.285    1.397    5.005    5.005    6.591    9.408    9.408   11.244   14.060   14.125
            0.250000  0.250000  0.250000
   -6.193    1.099    4.938    4.938    6.529    9.465    9.465   11.550   14.022   14.179
            0.266667  0.266667  0.266667
   -6.097    0.807    4.875    4.875    6.469    9.511    9.511   11.856   13.969   14.262
            0.283333  0.283333  0.283333
   -5.996    0.523    4.816    4.816    6.411    9.545    9.545   12.160   13.911   14.373
            0.300000  0.300000  0.300000
   -5.891    0.248    4.760    4.760    6.356    9.570    9.570   12.458   13.859   14.512
            0.316667  0.316667  0.316667
   -5.783   -0.017    4.708    4.708    6.305    9.585    9.585   12.740   13.826   14.676
            0.333333  0.333333  0.333333
   -5.673   -0.271    4.660    4.660    6.257    9.593    9.593   12.984   13.837   14.864
            0.350000  0.350000  0.350000
   -5.561   -0.513    4.616    4.616    6.213    9.594    9.594   13.150   13.933   15.074
            0.366667  0.366667  0.366667
   -5.449   -0.742    4.577    4.577    6.173    9.591    9.591   13.221   14.133   15.304
            0.383333  0.383333  0.383333
   -5.340   -0.956    4.542    4.542    6.138    9.585    9.585   13.231   14.404   15.552
            0.400000  0.400000  0.400000
   -5.234   -1.151    4.512    4.512    6.107    9.577    9.577   13.215   14.710   15.816
            0.416667  0.416667  0.416667
   -5.135   -1.327    4.486    4.486    6.081    9.568    9.568   13.191   15.034   16.093
            0.433333  0.433333  0.433333
   -5.046   -1.478    4.465    4.465    6.059    9.560    9.560   13.166   15.368   16.379
            0.450000  0.450000  0.450000
   -4.970   -1.602    4.449    4.449    6.043    9.552    9.552   13.145   15.705   16.670
            0.466667  0.466667  0.466667
   -4.913   -1.694    4.437    4.437    6.031    9.547    9.547   13.129   16.041   16.952
            0.483333  0.483333  0.483333
   -4.877   -1.752    4.430    4.430    6.023    9.543    9.543   13.119   16.361   17.172
            0.500000  0.500000  0.500000
   -4.864   -1.771    4.428    4.428    6.021    9.542    9.542   13.115   16.554   16.983
            0.491667  0.516667  0.491667
   -4.862   -1.771    4.401    4.424    6.048    9.538    9.549   13.125   16.529   16.918
            0.483333  0.533333  0.483333
   -4.857   -1.770    4.326    4.415    6.123    9.525    9.570   13.152   16.452   16.789
            0.475000  0.550000  0.475000
   -4.849   -1.769    4.213    4.399    6.234    9.505    9.604   13.195   16.324   16.659
            0.466667  0.566667  0.466667
   -4.836   -1.767    4.076    4.376    6.369    9.481    9.651   13.251   16.154   16.547
            0.458333  0.583333  0.458333
   -4.821   -1.765    3.923    4.349    6.517    9.454    9.712   13.317   15.961   16.452
            0.450000  0.600000  0.450000
   -4.802   -1.763    3.760    4.316    6.671    9.429    9.784   13.386   15.762   16.369
            0.441667  0.616667  0.441667
   -4.779   -1.761    3.592    4.278    6.824    9.409    9.868   13.450   15.567   16.300
            0.433333  0.633333  0.433333
   -4.753   -1.759    3.422    4.236    6.970    9.399    9.964   13.502   15.385   16.247
            0.425000  0.650000  0.425000
   -4.724   -1.758    3.252    4.191    7.104    9.403   10.070   13.529   15.223   16.214
            0.416667  0.666667  0.416667
   -4.691   -1.758    3.084    4.143    7.222    9.427   10.185   13.521   15.087   16.206
            0.408333  0.683333  0.408333
   -4.655   -1.759    2.920    4.092    7.319    9.475   10.310   13.471   14.978   16.230
            0.400000  0.700000  0.400000
   -4.616   -1.762    2.759    4.040    7.392    9.549   10.443   13.379   14.892   16.269
            0.391667  0.716667  0.391667
   -4.573   -1.767    2.604    3.986    7.440    9.651   10.584   13.250   14.821   16.177
            0.383333  0.733333  0.383333
   -4.527   -1.775    2.455    3.932    7.467    9.779   10.733   13.094   14.757   16.089
            0.375000  0.750000  0.375000
   -4.478   -1.786    2.314    3.877    7.473    9.930   10.887   12.919   14.694   16.005
            0.366667  0.766667  0.366667
   -4.426   -1.801    2.181    3.822    7.464   10.100   11.048   12.734   14.629   15.925
            0.358333  0.783333  0.358333
   -4.371   -1.821    2.057    3.767    7.442   10.286   11.213   12.542   14.562   15.850
            0.350000  0.800000  0.350000
   -4.313   -1.846    1.943    3.713    7.412   10.481   11.383   12.349   14.494   15.780
            0.341667  0.816667  0.341667
   -4.252   -1.876    1.840    3.660    7.375   10.683   11.556   12.159   14.424   15.716
            0.333333  0.833333  0.333333
   -4.188   -1.912    1.749    3.608    7.335   10.881   11.732   11.980   14.355   15.659
            0.325000  0.850000  0.325000
   -4.123   -1.953    1.669    3.558    7.292   11.058   11.830   11.909   14.286   15.608
            0.316667  0.866667  0.316667
   -4.055   -2.001    1.601    3.510    7.248   11.158   11.762   12.087   14.219   15.566
            0.308333  0.883333  0.308333
   -3.985   -2.055    1.546    3.463    7.205   11.120   11.839   12.263   14.154   15.534
            0.300000  0.900000  0.300000
   -3.914   -2.114    1.503    3.418    7.162   10.986   12.014   12.436   14.094   15.512
            0.291667  0.916667  0.291667
   -3.843   -2.177    1.472    3.376    7.121   10.821   12.224   12.605   14.039   15.503
            0.283333  0.933333  0.283333
   -3.772   -2.242    1.454    3.335    7.082   10.644   12.444   12.766   13.994   15.509
            0.275000  0.950000  0.275000
   -3.704   -2.309    1.446    3.298    7.045   10.466   12.660   12.917   13.962   15.531
            0.266667  0.966667  0.266667
   -3.640   -2.373    1.450    3.263    7.011   10.288   12.860   13.056   13.953   15.574
            0.258333  0.983333  0.258333
   -3.584   -2.431    1.463    3.230    6.980   10.112   13.028   13.179   13.983   15.638
            0.250000  1.000000  0.250000
   -3.540   -2.478    1.486    3.201    6.952    9.939   13.145   13.285   14.067   15.725
            0.241667  1.000000  0.258333
   -3.539   -2.478    1.486    3.197    6.958    9.939   13.138   13.268   14.085   15.733
            0.233333  1.000000  0.266667
   -3.537   -2.479    1.488    3.186    6.975    9.941   13.116   13.220   14.134   15.755
            0.225000  1.000000  0.275000
   -3.534   -2.481    1.490    3.169    7.005    9.943   13.081   13.149   14.205   15.791
            0.216667  1.000000  0.283333
   -3.530   -2.484    1.494    3.144    7.045    9.947   13.033   13.064   14.291   15.840
            0.208333  1.000000  0.291667
   -3.524   -2.488    1.498    3.113    7.096    9.951   12.970   12.974   14.386   15.900
            0.200000  1.000000  0.300000
   -3.517   -2.493    1.504    3.077    7.157    9.956   12.870   12.906   14.487   15.970
            0.191667  1.000000  0.308333
   -3.509   -2.499    1.510    3.036    7.228    9.962   12.767   12.829   14.592   16.049
            0.183333  1.000000  0.316667
   -3.499   -2.506    1.517    2.991    7.308    9.970   12.661   12.745   14.700   16.134
            0.175000  1.000000  0.325000
   -3.488   -2.513    1.526    2.942    7.396    9.978   12.554   12.655   14.809   16.224
            0.166667  1.000000  0.333333
   -3.476   -2.522    1.535    2.890    7.491    9.987   12.446   12.561   14.919   16.319
            0.158333  1.000000  0.341667
   -3.463   -2.532    1.546    2.836    7.593    9.997   12.338   12.462   15.030   16.416
            0.150000  1.000000  0.350000
   -3.449   -2.543    1.557    2.780    7.702   10.008   12.230   12.360   15.140   16.515
            0.141667  1.000000  0.358333
   -3.433   -2.555    1.569    2.723    7.817   10.019   12.122   12.256   15.251   16.615
            0.133333  1.000000  0.366667
   -3.416   -2.568    1.582    2.665    7.938   10.032   12.014   12.150   15.361   16.714
            0.125000  1.000000  0.375000
   -3.397   -2.582    1.597    2.607    8.063   10.045   11.907   12.042   15.471   16.811
            0.116667  1.000000  0.383333
   -3.378   -2.598    1.612    2.549    8.193   10.060   11.800   11.933   15.580   16.905
            0.108333  1.000000  0.391667
   -3.357   -2.615    1.628    2.492    8.327   10.075   11.694   11.824   15.689   16.993
            0.100000  1.000000  0.400000
   -3.335   -2.633    1.645    2.436    8.466   10.090   11.589   11.713   15.796   17.074
            0.091667  1.000000  0.408333
   -3.311   -2.653    1.662    2.380    8.607   10.107   11.485   11.603   15.902   17.146
            0.083333  1.000000  0.416667
   -3.287   -2.674    1.681    2.327    8.753   10.124   11.382   11.492   16.007   17.205
            0.075000  1.000000  0.425000
   -3.261   -2.697    1.701    2.275    8.901   10.141   11.281   11.381   16.111   17.249
            0.066667  1.000000  0.433333
   -3.234   -2.721    1.721    2.225    9.052   10.159   11.181   11.271   16.213   17.276
            0.058333  1.000000  0.441667
   -3.205   -2.747    1.743    2.177    9.205   10.177   11.083   11.162   16.313   17.284
            0.050000  1.000000  0.450000
   -3.176   -2.774    1.765    2.132    9.361   10.194   10.987   11.053   16.411   17.274
            0.041667  1.000000  0.458333
   -3.145   -2.803    1.788    2.089    9.518   10.211   10.895   10.946   16.507   17.247
            0.033333  1.000000  0.466667
   -3.113   -2.834    1.812    2.048    9.676   10.226   10.806   10.840   16.601   17.206
            0.025000  1.000000  0.475000
   -3.079   -2.866    1.837    2.011    9.834   10.237   10.722   10.739   16.691   17.152
            0.016667  1.000000  0.483333
   -3.045   -2.899    1.862    1.976    9.987   10.241   10.644   10.648   16.779   17.089
            0.008333  1.000000  0.491667
   -3.009   -2.935    1.888    1.944   10.124   10.233   10.568   10.588   16.863   17.019
            0.000000  1.000000  0.500000
   -2.972   -2.972    1.915    1.915   10.208   10.208   10.547   10.547   16.944   16.944
            0.016667  0.983333  0.500000
   -3.078   -2.865    1.842    1.996   10.086   10.252   10.526   10.656   16.706   17.146
            0.033333  0.966667  0.500000
   -3.185   -2.760    1.777    2.084    9.948   10.181   10.628   10.789   16.437   17.314
            0.050000  0.950000  0.500000
   -3.290   -2.656    1.721    2.178    9.808   10.076   10.774   10.933   16.143   17.449
            0.066667  0.933333  0.500000
   -3.394   -2.554    1.676    2.277    9.669    9.969   10.932   11.083   15.830   17.556
            0.083333  0.916667  0.500000
   -3.496   -2.456    1.642    2.381    9.531    9.865   11.097   11.238   15.505   17.640
            0.100000  0.900000  0.500000
   -3.596   -2.363    1.620    2.488    9.396    9.767   11.267   11.395   15.175   17.704
            0.116667  0.883333  0.500000
   -3.693   -2.274    1.612    2.599    9.264    9.675   11.440   11.552   14.845   17.751
            0.133333  0.866667  0.500000
   -3.787   -2.192    1.618    2.712    9.133    9.590   11.616   11.707   14.521   17.784
            0.150000  0.850000  0.500000
   -3.878   -2.116    1.638    2.827    9.005    9.513   11.795   11.853   14.213   17.803
            0.166667  0.833333  0.500000
   -3.966   -2.048    1.675    2.943    8.878    9.444   11.976   11.980   13.932   17.808
            0.183333  0.816667  0.500000
   -4.051   -1.987    1.727    3.059    8.752    9.383   12.070   12.157   13.699   17.763
            0.200000  0.800000  0.500000
   -4.132   -1.935    1.796    3.175    8.626    9.331   12.095   12.340   13.543   17.695
            0.216667  0.783333  0.500000
   -4.209   -1.891    1.880    3.290    8.500    9.288   12.028   12.521   13.492   17.513
            0.233333  0.766667  0.500000
   -4.282   -1.854    1.980    3.403    8.373    9.254   11.875   12.699   13.541   17.252
            0.250000  0.750000  0.500000
   -4.351   -1.825    2.095    3.513    8.243    9.229   11.668   12.873   13.662   16.983
            0.266667  0.733333  0.500000
   -4.416   -1.802    2.224    3.620    8.110    9.213   11.436   13.039   13.825   16.726
            0.283333  0.716667  0.500000
   -4.477   -1.785    2.366    3.723    7.973    9.207   11.197   13.193   14.015   16.491
            0.300000  0.700000  0.500000
   -4.534   -1.773    2.520    3.821    7.831    9.210   10.962   13.329   14.221   16.286
            0.316667  0.683333  0.500000
   -4.586   -1.765    2.684    3.913    7.681    9.221   10.737   13.440   14.440   16.120
            0.333333  0.666667  0.500000
   -4.634   -1.760    2.858    3.999    7.524    9.241   10.528   13.518   14.667   16.002
            0.350000  0.650000  0.500000
   -4.678   -1.758    3.039    4.078    7.359    9.268   10.336   13.556   14.900   15.941
            0.366667  0.633333  0.500000
   -4.717   -1.758    3.226    4.150    7.187    9.301   10.165   13.553   15.137   15.939
            0.383333  0.616667  0.500000
   -4.751   -1.759    3.417    4.214    7.008    9.339   10.015   13.513   15.376   15.993
            0.400000  0.600000  0.500000
   -4.781   -1.761    3.610    4.271    6.824    9.379    9.886   13.449   15.614   16.093
            0.416667  0.583333  0.500000
   -4.806   -1.763    3.800    4.318    6.640    9.420    9.779   13.371   15.846   16.228
            0.433333  0.566667  0.500000
   -4.827   -1.766    3.984    4.358    6.461    9.459    9.692   13.291   16.066   16.387
            0.450000  0.550000  0.500000
   -4.843   -1.768    4.153    4.388    6.294    9.493    9.626   13.220   16.263   16.561
            0.466667  0.533333  0.500000
   -4.855   -1.769    4.294    4.410    6.154    9.519    9.579   13.164   16.420   16.738
            0.483333  0.516667  0.500000
   -4.862   -1.771    4.392    4.423    6.056    9.536    9.551   13.128   16.520   16.900
            0.500000  0.500000  0.500000
   -4.864   -1.771    4.428    4.428    6.021    9.542    9.542   13.115   16.554   16.983
            0.483667  0.508000  0.508000
   -4.863   -1.771    4.402    4.425    6.046    9.538    9.548   13.124   16.530   16.921
            0.467333  0.516000  0.516000
   -4.858   -1.770    4.331    4.415    6.118    9.526    9.568   13.150   16.458   16.796
            0.451000  0.524000  0.524000
   -4.849   -1.769    4.223    4.400    6.224    9.507    9.600   13.191   16.338   16.667
            0.434667  0.532000  0.532000
   -4.838   -1.767    4.091    4.379    6.354    9.484    9.645   13.245   16.178   16.553
            0.418333  0.540000  0.540000
   -4.823   -1.765    3.943    4.353    6.497    9.459    9.702   13.308   15.995   16.456
            0.402000  0.548000  0.548000
   -4.805   -1.763    3.786    4.322    6.646    9.434    9.771   13.375   15.803   16.372
            0.385667  0.556000  0.556000
   -4.784   -1.761    3.623    4.287    6.795    9.413    9.850   13.440   15.613   16.301
            0.369333  0.564000  0.564000
   -4.759   -1.759    3.457    4.247    6.939    9.401    9.941   13.494   15.433   16.244
            0.353000  0.572000  0.572000
   -4.731   -1.758    3.292    4.204    7.073    9.402   10.041   13.529   15.269   16.207
            0.336667  0.580000  0.580000
   -4.701   -1.757    3.127    4.158    7.192    9.420   10.151   13.533   15.127   16.193
            0.320333  0.588000  0.588000
   -4.666   -1.758    2.965    4.110    7.292    9.460   10.270   13.500   15.010   16.208
            0.304000  0.596000  0.596000
   -4.629   -1.760    2.807    4.060    7.371    9.524   10.396   13.427   14.914   16.256
            0.287667  0.604000  0.604000
   -4.589   -1.765    2.654    4.009    7.427    9.614   10.530   13.317   14.835   16.180
            0.271333  0.612000  0.612000
   -4.545   -1.771    2.507    3.956    7.460    9.730   10.672   13.178   14.765   16.090
            0.255000  0.620000  0.620000
   -4.499   -1.781    2.366    3.903    7.474    9.869   10.819   13.018   14.697   16.004
            0.238667  0.628000  0.628000
   -4.449   -1.794    2.233    3.850    7.471   10.027   10.972   12.844   14.630   15.923
            0.222333  0.636000  0.636000
   -4.397   -1.811    2.108    3.797    7.456   10.201   11.131   12.663   14.561   15.846
            0.206000  0.644000  0.644000
   -4.342   -1.832    1.992    3.745    7.430   10.388   11.293   12.478   14.491   15.773
            0.189667  0.652000  0.652000
   -4.284   -1.858    1.886    3.693    7.398   10.582   11.459   12.293   14.420   15.706
            0.173333  0.660000  0.660000
   -4.224   -1.890    1.790    3.643    7.361   10.779   11.628   12.113   14.349   15.645
            0.157000  0.668000  0.668000
   -4.161   -1.927    1.706    3.593    7.321   10.969   11.799   11.947   14.278   15.591
            0.140667  0.676000  0.676000
   -4.097   -1.970    1.633    3.545    7.279   11.128   11.819   11.970   14.208   15.544
            0.124333  0.684000  0.684000
   -4.030   -2.018    1.571    3.499    7.237   11.193   11.790   12.141   14.140   15.506
            0.108000  0.692000  0.692000
   -3.963   -2.071    1.521    3.455    7.196   11.126   11.898   12.310   14.076   15.477
            0.091667  0.700000  0.700000
   -3.894   -2.129    1.483    3.413    7.155   10.988   12.080   12.475   14.016   15.459
            0.075333  0.708000  0.708000
   -3.826   -2.190    1.457    3.372    7.117   10.826   12.286   12.635   13.963   15.455
            0.059000  0.716000  0.716000
   -3.759   -2.253    1.441    3.335    7.080   10.656   12.497   12.786   13.921   15.466
            0.042667  0.724000  0.724000
   -3.695   -2.316    1.436    3.299    7.045   10.484   12.702   12.926   13.894   15.494
            0.026333  0.732000  0.732000
   -3.637   -2.375    1.442    3.266    7.013   10.314   12.885   13.054   13.896   15.541
            0.010000  0.740000  0.740000
   -3.587   -2.427    1.456    3.236    6.984   10.145   13.029   13.166   13.941   15.611
            0.009667  0.748667  0.715333
   -3.621   -2.389    1.437    3.249    7.034   10.314   12.907   13.018   13.898   15.548
            0.009333  0.757333  0.690667
   -3.652   -2.354    1.425    3.236    7.131   10.486   12.698   12.809   13.952   15.544
            0.009000  0.766000  0.666000
   -3.679   -2.321    1.419    3.198    7.271   10.663   12.425   12.581   14.050   15.589
            0.008667  0.774667  0.641333
   -3.702   -2.290    1.420    3.142    7.449   10.843   12.127   12.330   14.168   15.672
            0.008333  0.783333  0.616667
   -3.722   -2.263    1.428    3.071    7.661   11.020   11.827   12.061   14.295   15.782
            0.008000  0.792000  0.592000
   -3.738   -2.238    1.443    2.992    7.901   11.170   11.557   11.779   14.427   15.911
            0.007667  0.800667  0.567333
   -3.750   -2.217    1.464    2.908    8.165   11.103   11.472   11.525   14.563   16.051
            0.007333  0.809333  0.542667
   -3.759   -2.201    1.492    2.824    8.448   10.832   11.193   11.674   14.700   16.198
            0.007000  0.818000  0.518000
   -3.764   -2.189    1.526    2.742    8.746   10.537   10.902   11.868   14.837   16.347
            0.006667  0.826667  0.493333
   -3.766   -2.182    1.566    2.665    9.054   10.240   10.617   12.071   14.975   16.494
            0.006333  0.835333  0.468667
   -3.764   -2.181    1.612    2.596    9.357    9.947   10.353   12.279   15.113   16.637
            0.006000  0.844000  0.444000
   -3.758   -2.185    1.664    2.535    9.581    9.672   10.169   12.491   15.250   16.772
            0.005667  0.852667  0.419333
   -3.748   -2.195    1.721    2.484    9.369    9.573   10.268   12.705   15.387   16.896
            0.005333  0.861333  0.394667
   -3.735   -2.212    1.784    2.445    9.095    9.354   10.570   12.920   15.525   17.006
            0.005000  0.870000  0.370000
   -3.718   -2.235    1.851    2.417    8.828    9.100   10.921   13.135   15.662   17.100
            0.004667  0.878667  0.345333
   -3.698   -2.265    1.922    2.400    8.569    8.844   11.291   13.350   15.801   17.176
            0.004333  0.887333  0.320667
   -3.674   -2.300    1.996    2.394    8.319    8.591   11.670   13.562   15.942   17.233
            0.004000  0.896000  0.296000
   -3.646   -2.342    2.074    2.399    8.079    8.345   12.055   13.772   16.085   17.269
            0.003667  0.904667  0.271333
   -3.615   -2.388    2.153    2.414    7.851    8.108   12.444   13.977   16.232   17.287
            0.003333  0.913333  0.246667
   -3.581   -2.439    2.234    2.439    7.635    7.881   12.833   14.176   16.382   17.287
            0.003000  0.922000  0.222000
   -3.543   -2.494    2.314    2.470    7.433    7.666   13.221   14.368   16.537   17.275
            0.002667  0.930667  0.197333
   -3.502   -2.553    2.393    2.508    7.246    7.464   13.603   14.550   16.697   17.254
            0.002333  0.939333  0.172667
   -3.457   -2.614    2.469    2.549    7.077    7.276   13.974   14.722   16.861   17.231
            0.002000  0.948000  0.148000
   -3.409   -2.677    2.540    2.593    6.926    7.105   14.327   14.881   17.027   17.214
            0.001667  0.956667  0.123333
   -3.359   -2.742    2.604    2.637    6.796    6.952   14.652   15.026   17.184   17.220
            0.001333  0.965333  0.098667
   -3.305   -2.808    2.660    2.678    6.690    6.819   14.935   15.156   17.230   17.352
            0.001000  0.974000  0.074000
   -3.249   -2.874    2.705    2.714    6.608    6.709   15.162   15.266   17.287   17.488
            0.000667  0.982667  0.049333
   -3.191   -2.939    2.739    2.742    6.554    6.622   15.321   15.355   17.377   17.585
            0.000333  0.991333  0.024667
   -3.130   -3.004    2.759    2.760    6.528    6.563   15.410   15.414   17.486   17.620
            0.000000  1.000000  0.000000
   -3.068   -3.068    2.766    2.766    6.531    6.531   15.437   15.437   17.580   17.580
