 &plot nbnd= 144, nks=    49 /
            0.500000  0.500000  0.100000
   -9.076   -9.075   -9.075   -9.075   -9.042   -9.042   -9.041   -9.041   -9.014   -9.014
   -9.013   -9.013   -8.982   -8.982   -8.981   -8.981   -8.980   -8.980   -8.979   -8.979
   -8.979   -8.979   -8.978   -8.978   -8.933   -8.933   -8.932   -8.932   -8.932   -8.931
   -8.931   -8.931   -8.930   -8.930   -8.930   -8.929   -8.929   -8.929   -8.928   -8.927
   -5.226   -5.225   -5.221   -5.221   -5.181   -5.181   -5.174   -5.174   -5.068   -5.068
   -5.061   -5.061   -5.043   -5.043   -5.026   -5.026   -4.973   -4.972   -4.966   -4.965
   -0.548   -0.548   -0.538   -0.538   -0.443   -0.443   -0.427   -0.427    0.094    0.094
    0.108    0.108    0.512    0.512    0.536    0.536    0.632    0.632    0.656    0.656
    2.734    2.734    2.749    2.749    2.781    2.781    2.782    2.782    3.796    3.796
    3.845    3.845    3.949    3.949    4.016    4.016    4.550    4.550    4.560    4.560
    4.573    4.574    4.589    4.589    4.626    4.626    4.638    4.638    4.686    4.686
    4.696    4.696    4.720    4.720    4.729    4.729    4.757    4.757    4.760    4.760
    7.224    7.224    7.264    7.264    7.753    7.753    7.820    7.820    8.233    8.233
    8.253    8.253    8.765    8.765    8.768    8.768    8.800    8.800    8.812    8.812
   10.032   10.032   10.056   10.056
            0.468750  0.468750  0.093750
   -9.076   -9.075   -9.075   -9.075   -9.042   -9.042   -9.041   -9.041   -9.014   -9.014
   -9.013   -9.013   -8.982   -8.981   -8.981   -8.981   -8.980   -8.980   -8.979   -8.979
   -8.979   -8.978   -8.978   -8.978   -8.933   -8.933   -8.933   -8.932   -8.931   -8.931
   -8.931   -8.931   -8.930   -8.930   -8.930   -8.929   -8.928   -8.928   -8.928   -8.927
   -5.324   -5.312   -5.219   -5.215   -5.175   -5.171   -5.167   -5.156   -5.110   -5.063
   -5.056   -5.041   -5.038   -5.035   -5.021   -4.984   -4.967   -4.960   -4.934   -4.926
   -0.562   -0.544   -0.535   -0.514   -0.485   -0.441   -0.426   -0.351    0.084    0.099
    0.113    0.174    0.398    0.510    0.510    0.535    0.634    0.658    0.699    0.810
    2.546    2.608    2.726    2.738    2.795    2.798    2.934    2.999    3.650    3.763
    3.772    3.815    3.940    4.001    4.047    4.159    4.446    4.489    4.512    4.520
    4.528    4.541    4.552    4.581    4.599    4.600    4.644    4.655    4.660    4.664
    4.670    4.677    4.686    4.689    4.699    4.711    4.718    4.722    4.824    4.832
    7.248    7.293    7.299    7.337    7.665    7.800    7.865    7.868    8.185    8.281
    8.299    8.333    8.698    8.715    8.799    8.825    8.828    8.864    8.868    8.875
    9.996   10.000   10.020   10.072
            0.437500  0.437500  0.087500
   -9.076   -9.076   -9.075   -9.075   -9.042   -9.041   -9.041   -9.040   -9.014   -9.014
   -9.013   -9.013   -8.982   -8.981   -8.981   -8.981   -8.981   -8.980   -8.979   -8.978
   -8.978   -8.978   -8.977   -8.977   -8.933   -8.933   -8.933   -8.932   -8.931   -8.931
   -8.931   -8.930   -8.930   -8.930   -8.930   -8.930   -8.928   -8.928   -8.927   -8.927
   -5.457   -5.438   -5.269   -5.228   -5.201   -5.197   -5.157   -5.149   -5.105   -5.060
   -5.049   -5.041   -5.023   -5.007   -4.986   -4.953   -4.946   -4.918   -4.852   -4.849
   -0.558   -0.554   -0.534   -0.525   -0.436   -0.421   -0.402   -0.271    0.114    0.127
    0.133    0.259    0.334    0.452    0.505    0.530    0.637    0.661    0.891    1.016
    2.364    2.466    2.714    2.724    2.819    2.825    3.131    3.236    3.460    3.634
    3.700    3.732    3.895    3.949    4.207    4.329    4.358    4.367    4.383    4.396
    4.407    4.451    4.457    4.460    4.487    4.510    4.521    4.533    4.569    4.593
    4.594    4.636    4.640    4.650    4.665    4.671    4.760    4.776    4.930    4.931
    7.307    7.382    7.494    7.528    7.550    7.867    7.922    7.978    8.202    8.400
    8.405    8.416    8.596    8.618    8.785    8.896    8.987    8.993    9.040    9.054
    9.896    9.938   10.006   10.022
            0.406250  0.406250  0.081250
   -9.077   -9.077   -9.075   -9.075   -9.041   -9.041   -9.039   -9.038   -9.014   -9.014
   -9.014   -9.013   -8.982   -8.982   -8.981   -8.981   -8.980   -8.979   -8.979   -8.978
   -8.977   -8.977   -8.975   -8.975   -8.934   -8.934   -8.934   -8.933   -8.932   -8.931
   -8.931   -8.931   -8.930   -8.930   -8.930   -8.930   -8.928   -8.927   -8.927   -8.927
   -5.596   -5.571   -5.378   -5.321   -5.171   -5.166   -5.146   -5.127   -5.119   -5.092
   -5.025   -5.018   -5.000   -4.984   -4.944   -4.930   -4.923   -4.866   -4.768   -4.757
   -0.574   -0.530   -0.519   -0.510   -0.429   -0.415   -0.281   -0.196    0.136    0.149
    0.202    0.270    0.366    0.497    0.523    0.553    0.639    0.663    1.108    1.257
    2.209    2.352    2.708    2.716    2.842    2.850    3.250    3.336    3.502    3.535
    3.583    3.605    3.789    3.835    4.145    4.159    4.208    4.242    4.255    4.284
    4.307    4.314    4.359    4.369    4.382    4.391    4.418    4.445    4.454    4.474
    4.566    4.576    4.586    4.601    4.636    4.654    4.812    4.836    5.028    5.043
    7.388    7.425    7.545    7.754    7.784    7.831    8.065    8.108    8.256    8.408
    8.497    8.523    8.528    8.539    8.729    8.894    9.173    9.189    9.280    9.302
    9.846    9.847    9.885    9.930
            0.375000  0.375000  0.075000
   -9.079   -9.079   -9.076   -9.076   -9.041   -9.040   -9.037   -9.036   -9.015   -9.014
   -9.014   -9.013   -8.983   -8.983   -8.981   -8.981   -8.979   -8.978   -8.978   -8.977
   -8.976   -8.976   -8.974   -8.974   -8.935   -8.935   -8.935   -8.934   -8.933   -8.932
   -8.931   -8.931   -8.931   -8.930   -8.930   -8.929   -8.927   -8.927   -8.927   -8.926
   -5.734   -5.705   -5.492   -5.418   -5.212   -5.130   -5.129   -5.124   -5.086   -5.078
   -4.992   -4.985   -4.967   -4.952   -4.926   -4.897   -4.891   -4.830   -4.693   -4.670
   -0.562   -0.501   -0.497   -0.491   -0.422   -0.407   -0.138   -0.110    0.166    0.178
    0.251    0.275    0.488    0.508    0.516    0.637    0.660    0.762    1.346    1.530
    2.088    2.266    2.710    2.717    2.856    2.866    3.082    3.400    3.424    3.437
    3.578    3.615    3.656    3.776    3.854    3.866    4.076    4.086    4.097    4.118
    4.119    4.128    4.253    4.256    4.264    4.329    4.341    4.343    4.354    4.488
    4.498    4.524    4.548    4.609    4.632    4.728    4.841    4.896    5.120    5.151
    7.361    7.483    7.686    7.830    8.030    8.055    8.175    8.200    8.286    8.316
    8.400    8.480    8.587    8.590    8.645    8.868    9.169    9.201    9.392    9.434
    9.856    9.861    9.927    9.958
            0.343750  0.343750  0.068750
   -9.081   -9.081   -9.076   -9.076   -9.041   -9.040   -9.035   -9.034   -9.016   -9.015
   -9.014   -9.013   -8.985   -8.984   -8.981   -8.980   -8.977   -8.977   -8.976   -8.976
   -8.975   -8.974   -8.973   -8.973   -8.937   -8.936   -8.936   -8.936   -8.934   -8.934
   -8.932   -8.932   -8.930   -8.929   -8.929   -8.929   -8.927   -8.926   -8.926   -8.925
   -5.869   -5.835   -5.607   -5.514   -5.292   -5.172   -5.077   -5.072   -5.035   -5.026
   -4.951   -4.945   -4.931   -4.926   -4.912   -4.857   -4.851   -4.807   -4.634   -4.595
   -0.526   -0.482   -0.472   -0.462   -0.416   -0.403   -0.025    0.032    0.200    0.211
    0.273    0.378    0.478    0.506    0.625    0.649    0.711    1.017    1.603    1.830
    2.007    2.213    2.720    2.726    2.849    2.863    2.933    3.238    3.242    3.327
    3.394    3.433    3.548    3.561    3.799    3.888    3.903    3.944    3.954    3.966
    4.003    4.026    4.139    4.144    4.147    4.242    4.246    4.251    4.256    4.377
    4.386    4.484    4.549    4.607    4.704    4.852    4.855    4.947    5.204    5.251
    7.339    7.569    7.772    7.928    8.172    8.218    8.218    8.278    8.283    8.300
    8.326    8.445    8.555    8.558    8.562    8.826    8.951    8.981    9.206    9.250
    9.858    9.950   10.043   10.050
            0.312500  0.312500  0.062500
   -9.083   -9.083   -9.076   -9.076   -9.040   -9.039   -9.032   -9.032   -9.017   -9.016
   -9.013   -9.012   -8.986   -8.985   -8.980   -8.979   -8.975   -8.975   -8.974   -8.974
   -8.973   -8.973   -8.972   -8.972   -8.939   -8.938   -8.938   -8.937   -8.935   -8.935
   -8.933   -8.932   -8.929   -8.929   -8.929   -8.928   -8.927   -8.926   -8.925   -8.925
   -5.998   -5.959   -5.719   -5.606   -5.380   -5.219   -5.014   -5.010   -4.974   -4.965
   -4.957   -4.903   -4.897   -4.878   -4.864   -4.810   -4.804   -4.793   -4.594   -4.534
   -0.475   -0.468   -0.458   -0.431   -0.416   -0.404    0.084    0.174    0.235    0.246
    0.341    0.466    0.494    0.552    0.603    0.625    0.941    1.306    1.878    1.971
    2.152    2.197    2.735    2.743    2.812    2.814    2.831    3.042    3.050    3.158
    3.196    3.251    3.264    3.271    3.711    3.723    3.804    3.814    3.850    3.894
    4.010    4.033    4.037    4.040    4.068    4.157    4.163    4.167    4.245    4.253
    4.357    4.412    4.520    4.580    4.847    4.848    4.936    4.989    5.276    5.342
    7.364    7.632    7.849    8.015    8.057    8.180    8.202    8.210    8.295    8.361
    8.374    8.418    8.484    8.561    8.565    8.739    8.745    8.776    8.945    8.987
    9.749    9.852   10.009   10.016
            0.281250  0.281250  0.056250
   -9.085   -9.085   -9.077   -9.077   -9.040   -9.039   -9.030   -9.030   -9.018   -9.017
   -9.012   -9.011   -8.986   -8.986   -8.979   -8.978   -8.973   -8.972   -8.972   -8.972
   -8.971   -8.971   -8.971   -8.971   -8.940   -8.940   -8.939   -8.938   -8.937   -8.937
   -8.934   -8.933   -8.929   -8.928   -8.928   -8.928   -8.927   -8.926   -8.925   -8.924
   -6.120   -6.076   -5.827   -5.692   -5.471   -5.265   -4.998   -4.944   -4.939   -4.906
   -4.895   -4.848   -4.844   -4.824   -4.811   -4.787   -4.757   -4.751   -4.571   -4.487
   -0.464   -0.454   -0.426   -0.417   -0.415   -0.405    0.194    0.268    0.278    0.281
    0.450    0.479    0.484    0.568    0.589    0.777    1.190    1.620    1.985    2.167
    2.216    2.496    2.724    2.733    2.745    2.748    2.763    2.872    2.897    2.934
    2.971    2.983    2.996    3.238    3.559    3.568    3.707    3.715    3.740    3.794
    3.932    3.933    3.934    3.939    4.048    4.053    4.094    4.095    4.101    4.252
    4.336    4.496    4.553    4.617    4.830    4.946    5.002    5.022    5.334    5.424
    7.424    7.695    7.878    7.950    8.039    8.081    8.111    8.170    8.270    8.272
    8.291    8.395    8.453    8.454    8.468    8.645    8.668    8.726    8.820    8.829
    9.564    9.600    9.928    9.982
            0.250000  0.250000  0.050000
   -9.088   -9.088   -9.078   -9.078   -9.039   -9.039   -9.029   -9.029   -9.020   -9.019
   -9.009   -9.009   -8.987   -8.987   -8.977   -8.977   -8.970   -8.970   -8.970   -8.970
   -8.970   -8.970   -8.969   -8.968   -8.942   -8.941   -8.940   -8.939   -8.939   -8.938
   -8.935   -8.934   -8.928   -8.928   -8.928   -8.927   -8.927   -8.925   -8.924   -8.923
   -6.232   -6.185   -5.928   -5.771   -5.562   -5.311   -5.049   -4.867   -4.862   -4.833
   -4.821   -4.788   -4.787   -4.786   -4.765   -4.752   -4.700   -4.694   -4.565   -4.453
   -0.475   -0.465   -0.451   -0.440   -0.391   -0.358    0.275    0.295    0.306    0.412
    0.431    0.459    0.521    0.540    0.664    1.036    1.449    1.954    2.050    2.279
    2.465    2.607    2.628    2.655    2.659    2.697    2.723    2.750    2.775    2.806
    2.853    2.866    2.868    3.237    3.438    3.445    3.638    3.644    3.650    3.702
    3.832    3.833    3.835    3.838    3.916    3.919    3.932    3.937    4.028    4.259
    4.388    4.528    4.566    4.802    4.851    4.952    5.050    5.113    5.379    5.495
    7.491    7.722    7.837    7.900    7.935    7.964    8.014    8.125    8.151    8.164
    8.285    8.291    8.301    8.373    8.485    8.496    8.514    8.683    8.868    8.896
    9.297    9.338    9.823    9.882
            0.218750  0.218750  0.043750
   -9.091   -9.090   -9.079   -9.079   -9.039   -9.039   -9.029   -9.028   -9.022   -9.021
   -9.007   -9.007   -8.988   -8.988   -8.976   -8.976   -8.969   -8.969   -8.969   -8.969
   -8.968   -8.967   -8.966   -8.965   -8.944   -8.943   -8.941   -8.941   -8.940   -8.940
   -8.936   -8.935   -8.928   -8.928   -8.927   -8.927   -8.926   -8.925   -8.923   -8.922
   -6.333   -6.282   -6.020   -5.842   -5.650   -5.352   -5.106   -4.791   -4.786   -4.780
   -4.759   -4.745   -4.726   -4.724   -4.701   -4.688   -4.641   -4.635   -4.572   -4.431
   -0.506   -0.497   -0.492   -0.484   -0.387   -0.306    0.316    0.325    0.332    0.407
    0.432    0.463    0.480    0.569    0.848    1.314    1.714    2.163    2.297    2.388
    2.476    2.477    2.486    2.496    2.572    2.585    2.680    2.692    2.712    2.803
    2.901    2.902    3.177    3.307    3.349    3.355    3.546    3.598    3.603    3.620
    3.726    3.733    3.745    3.750    3.752    3.759    3.773    3.775    3.969    4.184
    4.404    4.505    4.743    4.765    4.907    5.071    5.089    5.215    5.412    5.556
    7.547    7.648    7.774    7.788    7.805    7.903    7.967    7.994    8.021    8.064
    8.107    8.171    8.298    8.405    8.465    8.482    8.495    8.658    8.810    8.856
    9.098    9.185    9.641    9.648
            0.187500  0.187500  0.037500
   -9.093   -9.093   -9.080   -9.080   -9.039   -9.039   -9.029   -9.029   -9.023   -9.022
   -9.004   -9.004   -8.989   -8.989   -8.974   -8.974   -8.969   -8.968   -8.967   -8.967
   -8.965   -8.964   -8.964   -8.963   -8.946   -8.945   -8.943   -8.942   -8.942   -8.941
   -8.936   -8.936   -8.928   -8.927   -8.927   -8.927   -8.926   -8.925   -8.922   -8.921
   -6.423   -6.369   -6.102   -5.903   -5.733   -5.388   -5.166   -4.797   -4.704   -4.696
   -4.688   -4.674   -4.664   -4.660   -4.631   -4.619   -4.589   -4.581   -4.575   -4.417
   -0.558   -0.552   -0.551   -0.545   -0.394   -0.260    0.326    0.333    0.374    0.376
    0.397    0.398    0.413    0.732    1.022    1.601    1.976    2.317    2.326    2.340
    2.354    2.362    2.493    2.499    2.511    2.644    2.658    2.669    2.751    2.956
    2.958    3.106    3.289    3.290    3.295    3.464    3.548    3.551    3.553    3.562
    3.566    3.593    3.600    3.604    3.628    3.629    3.663    3.750    3.920    4.112
    4.408    4.486    4.724    4.803    4.997    5.088    5.250    5.310    5.433    5.607
    7.534    7.598    7.633    7.663    7.727    7.825    7.860    7.873    7.917    7.918
    7.958    8.210    8.282    8.422    8.434    8.512    8.526    8.646    8.665    8.689
    9.089    9.130    9.412    9.427
            0.156250  0.156250  0.031250
   -9.095   -9.095   -9.081   -9.081   -9.040   -9.039   -9.029   -9.029   -9.024   -9.024
   -9.001   -9.000   -8.989   -8.989   -8.972   -8.972   -8.968   -8.968   -8.966   -8.966
   -8.963   -8.962   -8.961   -8.960   -8.947   -8.946   -8.943   -8.943   -8.943   -8.942
   -8.937   -8.936   -8.927   -8.927   -8.926   -8.926   -8.926   -8.924   -8.921   -8.921
   -6.500   -6.444   -6.173   -5.954   -5.808   -5.418   -5.224   -4.802   -4.626   -4.625
   -4.615   -4.611   -4.610   -4.602   -4.600   -4.555   -4.546   -4.523   -4.518   -4.411
   -0.628   -0.625   -0.623   -0.620   -0.409   -0.223    0.316    0.316    0.336    0.342
    0.353    0.358    0.400    0.888    1.174    1.884    2.223    2.226    2.236    2.264
    2.274    2.473    2.477    2.501    2.626    2.637    2.681    2.857    3.018    3.021
    3.023    3.255    3.258    3.375    3.375    3.380    3.394    3.414    3.421    3.422
    3.487    3.491    3.494    3.514    3.516    3.592    3.676    3.879    4.032    4.045
    4.427    4.472    4.681    4.760    5.101    5.170    5.336    5.414    5.446    5.649
    7.443    7.516    7.543    7.570    7.642    7.697    7.706    7.798    7.854    7.865
    7.886    8.168    8.278    8.288    8.335    8.352    8.610    8.687    8.688    8.695
    8.961    9.035    9.052    9.100
            0.125000  0.125000  0.025000
   -9.097   -9.097   -9.082   -9.082   -9.040   -9.040   -9.030   -9.030   -9.025   -9.025
   -8.998   -8.997   -8.990   -8.990   -8.970   -8.970   -8.967   -8.967   -8.965   -8.964
   -8.960   -8.960   -8.959   -8.958   -8.948   -8.948   -8.944   -8.944   -8.943   -8.943
   -8.938   -8.937   -8.927   -8.927   -8.926   -8.925   -8.925   -8.924   -8.920   -8.920
   -6.564   -6.506   -6.233   -5.994   -5.874   -5.439   -5.279   -4.806   -4.637   -4.569
   -4.564   -4.554   -4.547   -4.540   -4.535   -4.481   -4.475   -4.471   -4.464   -4.408
   -0.706   -0.704   -0.703   -0.702   -0.426   -0.194    0.251    0.254    0.301    0.311
    0.320    0.329    0.413    1.030    1.293    2.152    2.175    2.187    2.222    2.232
    2.452    2.501    2.504    2.637    2.648    2.701    2.863    2.994    3.077    3.083
    3.185    3.187    3.225    3.232    3.246    3.250    3.336    3.357    3.395    3.396
    3.414    3.417    3.437    3.502    3.532    3.652    3.775    3.849    3.985    4.323
    4.464    4.502    4.638    4.746    5.111    5.307    5.398    5.451    5.481    5.682
    7.345    7.387    7.415    7.494    7.545    7.614    7.670    7.731    7.787    7.829
    7.854    8.082    8.085    8.113    8.208    8.331    8.489    8.620    8.693    8.719
    8.776    8.780    8.885    8.907
            0.093750  0.093750  0.018750
   -9.099   -9.099   -9.083   -9.083   -9.041   -9.041   -9.031   -9.031   -9.026   -9.026
   -8.995   -8.994   -8.990   -8.990   -8.969   -8.968   -8.967   -8.967   -8.963   -8.963
   -8.958   -8.958   -8.958   -8.957   -8.950   -8.949   -8.945   -8.944   -8.944   -8.944
   -8.938   -8.937   -8.927   -8.927   -8.925   -8.925   -8.925   -8.924   -8.920   -8.919
   -6.614   -6.554   -6.279   -6.021   -5.930   -5.452   -5.328   -4.808   -4.662   -4.522
   -4.517   -4.508   -4.502   -4.477   -4.471   -4.425   -4.418   -4.415   -4.411   -4.408
   -0.782   -0.781   -0.780   -0.779   -0.444   -0.173    0.186    0.188    0.261    0.267
    0.302    0.306    0.415    1.152    1.373    2.183    2.191    2.227    2.235    2.392
    2.568    2.572    2.640    2.674    2.686    2.898    3.001    3.003    3.039    3.043
    3.044    3.145    3.148    3.152    3.234    3.235    3.277    3.277    3.290    3.315
    3.317    3.398    3.484    3.577    3.695    3.757    3.829    3.934    4.042    4.420
    4.463    4.574    4.597    4.943    5.119    5.353    5.452    5.461    5.532    5.707
    7.237    7.251    7.287    7.391    7.530    7.532    7.601    7.612    7.793    7.838
    7.853    7.917    7.930    7.967    8.045    8.182    8.290    8.428    8.470    8.616
    8.636    8.652    8.767    8.944
            0.062500  0.062500  0.012500
   -9.100   -9.100   -9.084   -9.084   -9.042   -9.041   -9.032   -9.031   -9.026   -9.026
   -8.993   -8.992   -8.991   -8.991   -8.967   -8.967   -8.967   -8.966   -8.963   -8.962
   -8.957   -8.957   -8.957   -8.956   -8.950   -8.950   -8.945   -8.945   -8.945   -8.945
   -8.939   -8.938   -8.927   -8.927   -8.925   -8.925   -8.925   -8.924   -8.919   -8.919
   -6.650   -6.590   -6.313   -6.037   -5.975   -5.456   -5.370   -4.808   -4.684   -4.486
   -4.482   -4.473   -4.469   -4.428   -4.421   -4.410   -4.389   -4.381   -4.364   -4.361
   -0.846   -0.845   -0.843   -0.843   -0.458   -0.158    0.133    0.134    0.227    0.229
    0.282    0.284    0.412    1.252    1.414    2.236    2.241    2.273    2.279    2.590
    2.662    2.667    2.728    2.746    2.774    2.837    2.839    2.865    2.868    3.069
    3.156    3.157    3.189    3.193    3.201    3.202    3.206    3.235    3.235    3.257
    3.284    3.371    3.449    3.701    3.782    3.819    3.891    3.990    4.308    4.466
    4.468    4.557    4.561    5.124    5.218    5.373    5.452    5.466    5.612    5.724
    7.118    7.143    7.185    7.250    7.342    7.485    7.557    7.660    7.755    7.788
    7.790    7.839    7.882    7.883    7.900    7.978    8.118    8.251    8.424    8.462
    8.467    8.554    8.645    8.789
            0.031250  0.031250  0.006250
   -9.101   -9.101   -9.085   -9.084   -9.042   -9.042   -9.032   -9.032   -9.026   -9.026
   -8.992   -8.991   -8.991   -8.991   -8.967   -8.966   -8.966   -8.966   -8.962   -8.962
   -8.957   -8.957   -8.956   -8.956   -8.951   -8.950   -8.946   -8.945   -8.945   -8.945
   -8.939   -8.938   -8.927   -8.926   -8.925   -8.925   -8.925   -8.923   -8.919   -8.919
   -6.672   -6.611   -6.333   -6.041   -6.008   -5.451   -5.404   -4.806   -4.699   -4.464
   -4.460   -4.451   -4.448   -4.411   -4.398   -4.391   -4.364   -4.357   -4.330   -4.328
   -0.888   -0.888   -0.885   -0.885   -0.468   -0.149    0.099    0.099    0.203    0.204
    0.266    0.267    0.409    1.327    1.421    2.317    2.319    2.349    2.353    2.675
    2.687    2.687    2.703    2.732    2.783    2.794    2.830    2.838    2.844    3.041
    3.042    3.075    3.079    3.187    3.226    3.226    3.236    3.236    3.237    3.310
    3.354    3.384    3.428    3.789    3.819    3.830    3.859    4.173    4.471    4.480
    4.518    4.529    4.577    5.128    5.189    5.451    5.452    5.611    5.670    5.734
    6.986    7.075    7.086    7.120    7.221    7.390    7.594    7.667    7.707    7.708
    7.728    7.758    7.802    7.873    7.922    7.950    8.013    8.162    8.319    8.328
    8.376    8.482    8.572    8.646
            0.000000  0.000000  0.000000
   -9.101   -9.101   -9.085   -9.085   -9.042   -9.042   -9.032   -9.032   -9.027   -9.026
   -8.991   -8.991   -8.991   -8.991   -8.966   -8.966   -8.966   -8.966   -8.962   -8.962
   -8.956   -8.956   -8.956   -8.956   -8.951   -8.951   -8.946   -8.945   -8.945   -8.945
   -8.939   -8.938   -8.926   -8.926   -8.925   -8.925   -8.925   -8.923   -8.919   -8.919
   -6.679   -6.618   -6.340   -6.037   -6.024   -5.443   -5.421   -4.806   -4.704   -4.457
   -4.452   -4.444   -4.440   -4.412   -4.388   -4.381   -4.355   -4.348   -4.319   -4.317
   -0.903   -0.903   -0.900   -0.899   -0.471   -0.146    0.087    0.087    0.195    0.195
    0.261    0.261    0.407    1.363    1.411    2.369    2.369    2.407    2.407    2.596
    2.612    2.619    2.628    2.791    2.857    2.862    2.862    2.921    2.921    2.929
    2.966    2.972    3.007    3.230    3.230    3.236    3.237    3.237    3.237    3.349
    3.349    3.420    3.420    3.824    3.824    3.844    3.844    4.242    4.491    4.491
    4.512    4.512    4.672    5.129    5.129    5.451    5.451    5.687    5.738    5.738
    6.902    7.030    7.052    7.098    7.179    7.351    7.613    7.629    7.679    7.679
    7.730    7.761    7.763    7.844    7.946    7.979    7.999    8.139    8.256    8.256
    8.350    8.449    8.558    8.592
            0.031250  0.000000  0.006250
   -9.101   -9.101   -9.085   -9.085   -9.042   -9.042   -9.032   -9.032   -9.026   -9.026
   -8.991   -8.991   -8.991   -8.991   -8.966   -8.966   -8.966   -8.966   -8.962   -8.962
   -8.956   -8.956   -8.956   -8.956   -8.951   -8.950   -8.946   -8.945   -8.945   -8.945
   -8.939   -8.938   -8.927   -8.926   -8.925   -8.925   -8.925   -8.923   -8.919   -8.919
   -6.676   -6.614   -6.337   -6.044   -6.011   -5.453   -5.406   -4.808   -4.700   -4.462
   -4.454   -4.448   -4.444   -4.411   -4.393   -4.386   -4.360   -4.352   -4.324   -4.322
   -0.900   -0.897   -0.891   -0.888   -0.469   -0.148    0.089    0.096    0.198    0.201
    0.263    0.265    0.409    1.333    1.428    2.327    2.343    2.371    2.391    2.631
    2.643    2.665    2.679    2.750    2.784    2.827    2.859    2.863    2.923    2.956
    2.997    3.045    3.068    3.220    3.222    3.222    3.232    3.240    3.240    3.336
    3.344    3.410    3.418    3.800    3.817    3.840    3.858    4.205    4.463    4.490
    4.513    4.538    4.622    5.116    5.172    5.437    5.465    5.667    5.692    5.725
    6.950    7.058    7.062    7.110    7.201    7.371    7.600    7.648    7.688    7.699
    7.742    7.743    7.783    7.858    7.926    7.986    7.995    8.151    8.280    8.294
    8.364    8.465    8.567    8.617
            0.062500  0.000000  0.012500
   -9.101   -9.101   -9.085   -9.084   -9.042   -9.042   -9.032   -9.032   -9.026   -9.026
   -8.992   -8.992   -8.991   -8.991   -8.967   -8.967   -8.966   -8.966   -8.962   -8.962
   -8.957   -8.957   -8.956   -8.956   -8.951   -8.950   -8.945   -8.945   -8.945   -8.945
   -8.939   -8.938   -8.927   -8.926   -8.925   -8.925   -8.925   -8.924   -8.919   -8.919
   -6.664   -6.604   -6.326   -6.049   -5.987   -5.465   -5.379   -4.813   -4.688   -4.483
   -4.462   -4.457   -4.456   -4.411   -4.409   -4.404   -4.373   -4.366   -4.337   -4.335
   -0.891   -0.887   -0.856   -0.854   -0.464   -0.154    0.097    0.124    0.205    0.220
    0.269    0.277    0.413    1.278    1.445    2.243    2.271    2.326    2.374    2.641
    2.659    2.685    2.720    2.734    2.778    2.802    2.849    2.856    2.937    2.977
    3.036    3.139    3.173    3.186    3.190    3.199    3.219    3.250    3.251    3.298
    3.327    3.377    3.411    3.744    3.809    3.818    3.886    4.103    4.401    4.462
    4.496    4.536    4.611    5.078    5.251    5.400    5.492    5.550    5.656    5.687
    7.051    7.084    7.154    7.156    7.269    7.430    7.563    7.703    7.703    7.719
    7.759    7.782    7.840    7.863    7.909    8.005    8.038    8.191    8.314    8.373
    8.403    8.507    8.606    8.680
            0.093750  0.000000  0.018750
   -9.100   -9.100   -9.084   -9.084   -9.041   -9.041   -9.031   -9.031   -9.026   -9.026
   -8.993   -8.993   -8.991   -8.990   -8.967   -8.967   -8.967   -8.967   -8.963   -8.963
   -8.957   -8.957   -8.957   -8.956   -8.950   -8.950   -8.945   -8.945   -8.945   -8.944
   -8.939   -8.938   -8.927   -8.926   -8.925   -8.925   -8.925   -8.924   -8.919   -8.919
   -6.646   -6.587   -6.308   -6.048   -5.956   -5.473   -5.348   -4.819   -4.671   -4.519
   -4.493   -4.482   -4.461   -4.437   -4.433   -4.411   -4.391   -4.386   -4.349   -4.348
   -0.877   -0.872   -0.800   -0.799   -0.455   -0.163    0.110    0.171    0.218    0.252
    0.279    0.298    0.420    1.212    1.448    2.161    2.191    2.285    2.365    2.517
    2.541    2.626    2.792    2.807    2.810    2.833    2.891    2.953    2.970    3.013
    3.085    3.114    3.142    3.162    3.196    3.237    3.239    3.266    3.268    3.279
    3.300    3.326    3.401    3.663    3.770    3.804    3.917    3.967    4.312    4.338
    4.457    4.552    4.690    5.017    5.250    5.342    5.419    5.558    5.615    5.633
    7.110    7.161    7.235    7.300    7.398    7.520    7.526    7.688    7.756    7.779
    7.802    7.848    7.860    7.924    8.007    8.044    8.108    8.269    8.332    8.456
    8.467    8.565    8.697    8.773
            0.125000  0.000000  0.025000
   -9.099   -9.099   -9.084   -9.083   -9.041   -9.041   -9.031   -9.031   -9.026   -9.026
   -8.994   -8.994   -8.990   -8.990   -8.968   -8.968   -8.967   -8.967   -8.963   -8.963
   -8.958   -8.958   -8.957   -8.957   -8.950   -8.949   -8.945   -8.945   -8.944   -8.944
   -8.938   -8.938   -8.927   -8.927   -8.925   -8.925   -8.925   -8.924   -8.920   -8.919
   -6.621   -6.562   -6.283   -6.041   -5.920   -5.476   -5.312   -4.824   -4.651   -4.571
   -4.544   -4.527   -4.484   -4.472   -4.456   -4.412   -4.410   -4.410   -4.359   -4.357
   -0.857   -0.852   -0.727   -0.725   -0.444   -0.175    0.127    0.235    0.236    0.295
    0.297    0.329    0.428    1.139    1.437    2.093    2.118    2.250    2.367    2.394
    2.404    2.539    2.740    2.823    2.905    2.916    2.977    3.023    3.043    3.062
    3.079    3.114    3.118    3.142    3.160    3.169    3.249    3.272    3.289    3.293
    3.330    3.356    3.392    3.561    3.701    3.757    3.824    3.979    4.182    4.217
    4.398    4.584    4.762    4.934    5.097    5.263    5.441    5.536    5.550    5.626
    7.143    7.293    7.329    7.448    7.507    7.586    7.655    7.685    7.760    7.810
    7.848    7.962    7.997    8.041    8.098    8.142    8.211    8.348    8.384    8.512
    8.540    8.656    8.833    8.861
            0.156250  0.000000  0.031250
   -9.098   -9.098   -9.083   -9.083   -9.040   -9.040   -9.030   -9.030   -9.026   -9.026
   -8.996   -8.996   -8.990   -8.990   -8.969   -8.969   -8.968   -8.967   -8.964   -8.964
   -8.959   -8.959   -8.958   -8.958   -8.949   -8.948   -8.945   -8.944   -8.944   -8.944
   -8.938   -8.937   -8.927   -8.927   -8.926   -8.925   -8.925   -8.924   -8.920   -8.920
   -6.588   -6.531   -6.251   -6.028   -5.878   -5.474   -5.272   -4.828   -4.639   -4.628
   -4.612   -4.591   -4.535   -4.510   -4.470   -4.440   -4.428   -4.410   -4.366   -4.364
   -0.832   -0.827   -0.640   -0.636   -0.430   -0.188    0.148    0.259    0.306    0.325
    0.355    0.369    0.436    1.060    1.412    2.041    2.055    2.224    2.256    2.280
    2.383    2.458    2.653    2.823    2.920    3.004    3.015    3.034    3.048    3.060
    3.068    3.125    3.132    3.168    3.183    3.207    3.228    3.270    3.319    3.326
    3.385    3.404    3.420    3.440    3.570    3.627    3.812    3.990    4.074    4.094
    4.323    4.590    4.748    4.832    5.021    5.173    5.430    5.450    5.516    5.631
    7.183    7.403    7.451    7.570    7.610    7.692    7.741    7.789    7.813    7.876
    7.926    8.118    8.139    8.191    8.192    8.289    8.359    8.368    8.523    8.530
    8.589    8.786    8.840    8.996
            0.187500  0.000000  0.037500
   -9.097   -9.097   -9.082   -9.082   -9.039   -9.039   -9.030   -9.029   -9.026   -9.025
   -8.998   -8.998   -8.990   -8.989   -8.970   -8.970   -8.968   -8.968   -8.965   -8.965
   -8.960   -8.960   -8.959   -8.959   -8.948   -8.948   -8.944   -8.944   -8.943   -8.943
   -8.938   -8.937   -8.927   -8.927   -8.926   -8.926   -8.925   -8.924   -8.921   -8.920
   -6.548   -6.493   -6.212   -6.008   -5.830   -5.467   -5.229   -4.830   -4.724   -4.696
   -4.664   -4.604   -4.595   -4.555   -4.493   -4.466   -4.444   -4.409   -4.370   -4.369
   -0.804   -0.798   -0.543   -0.538   -0.416   -0.203    0.172    0.289    0.336    0.417
    0.420    0.429    0.443    0.979    1.374    1.998    2.012    2.101    2.178    2.207
    2.382    2.412    2.552    2.814    2.831    2.919    2.967    3.003    3.074    3.077
    3.096    3.154    3.181    3.186    3.205    3.277    3.294    3.324    3.353    3.365
    3.381    3.390    3.423    3.428    3.500    3.530    3.810    3.851    3.959    4.118
    4.235    4.463    4.714    4.724    5.061    5.089    5.333    5.369    5.519    5.600
    7.231    7.467    7.634    7.690    7.714    7.750    7.793    7.953    7.958    8.005
    8.047    8.220    8.300    8.347    8.365    8.399    8.435    8.483    8.552    8.653
    8.729    8.903    8.946    9.080
            0.218750  0.000000  0.043750
   -9.095   -9.095   -9.081   -9.081   -9.039   -9.038   -9.029   -9.029   -9.025   -9.025
   -9.001   -9.001   -8.989   -8.989   -8.971   -8.971   -8.969   -8.968   -8.966   -8.965
   -8.962   -8.962   -8.960   -8.960   -8.947   -8.947   -8.944   -8.944   -8.942   -8.942
   -8.937   -8.937   -8.927   -8.927   -8.926   -8.926   -8.926   -8.925   -8.921   -8.921
   -6.501   -6.449   -6.167   -5.981   -5.777   -5.455   -5.184   -4.829   -4.820   -4.792
   -4.741   -4.665   -4.606   -4.580   -4.531   -4.488   -4.457   -4.408   -4.376   -4.370
   -0.771   -0.766   -0.439   -0.434   -0.401   -0.218    0.199    0.324    0.366    0.447
    0.482    0.517    0.529    0.898    1.325    1.944    1.958    1.995    2.091    2.200
    2.315    2.441    2.453    2.705    2.829    2.844    2.860    2.945    2.973    3.057
    3.107    3.139    3.140    3.225    3.279    3.302    3.335    3.359    3.387    3.396
    3.411    3.420    3.427    3.473    3.562    3.576    3.688    3.799    3.825    4.111
    4.180    4.282    4.585    4.747    4.966    5.146    5.216    5.284    5.507    5.532
    7.288    7.553    7.718    7.793    7.838    7.852    7.992    8.042    8.095    8.193
    8.233    8.286    8.319    8.480    8.500    8.544    8.597    8.642    8.765    8.807
    8.900    8.973    9.049    9.100
            0.250000  0.000000  0.050000
   -9.094   -9.093   -9.081   -9.081   -9.037   -9.037   -9.028   -9.028   -9.025   -9.025
   -9.004   -9.003   -8.988   -8.988   -8.972   -8.972   -8.969   -8.969   -8.967   -8.966
   -8.963   -8.963   -8.962   -8.962   -8.946   -8.946   -8.943   -8.943   -8.942   -8.941
   -8.937   -8.936   -8.928   -8.927   -8.927   -8.927   -8.926   -8.925   -8.922   -8.922
   -6.448   -6.398   -6.116   -5.948   -5.719   -5.437   -5.135   -4.924   -4.895   -4.825
   -4.823   -4.743   -4.661   -4.578   -4.555   -4.512   -4.470   -4.407   -4.382   -4.370
   -0.735   -0.732   -0.388   -0.333   -0.328   -0.233    0.229    0.365    0.406    0.448
    0.556    0.620    0.656    0.817    1.266    1.786    1.928    1.998    2.022    2.202
    2.257    2.323    2.505    2.598    2.737    2.751    2.864    2.867    2.891    2.913
    3.018    3.078    3.085    3.210    3.312    3.388    3.397    3.401    3.423    3.435
    3.442    3.468    3.510    3.525    3.620    3.634    3.662    3.695    3.805    3.949
    4.071    4.300    4.447    4.771    4.858    5.088    5.149    5.243    5.429    5.480
    7.354    7.661    7.741    7.871    7.976    8.060    8.157    8.191    8.231    8.285
    8.364    8.384    8.454    8.543    8.689    8.704    8.807    8.860    8.962    8.985
    9.002    9.041    9.103    9.125
            0.281250  0.000000  0.056250
   -9.092   -9.092   -9.080   -9.080   -9.036   -9.036   -9.027   -9.027   -9.025   -9.024
   -9.006   -9.006   -8.988   -8.988   -8.973   -8.973   -8.970   -8.969   -8.968   -8.967
   -8.965   -8.965   -8.963   -8.963   -8.945   -8.945   -8.943   -8.943   -8.941   -8.941
   -8.937   -8.936   -8.928   -8.928   -8.927   -8.927   -8.927   -8.926   -8.922   -8.922
   -6.387   -6.340   -6.058   -5.910   -5.657   -5.415   -5.085   -5.033   -5.004   -4.908
   -4.827   -4.818   -4.719   -4.632   -4.538   -4.531   -4.485   -4.406   -4.388   -4.370
   -0.697   -0.696   -0.377   -0.250   -0.229   -0.223    0.260    0.407    0.446    0.458
    0.642    0.738    0.739    0.796    1.200    1.632    1.910    1.971    2.018    2.199
    2.208    2.214    2.496    2.570    2.638    2.645    2.713    2.760    2.843    2.892
    2.937    2.980    3.036    3.194    3.288    3.336    3.346    3.435    3.492    3.506
    3.514    3.525    3.532    3.570    3.677    3.686    3.696    3.769    3.802    3.832
    3.958    4.302    4.376    4.745    4.786    4.957    5.062    5.241    5.326    5.426
    7.428    7.766    7.785    7.956    8.080    8.278    8.318    8.340    8.341    8.396
    8.467    8.538    8.623    8.688    8.819    8.877    8.903    8.991    9.041    9.136
    9.154    9.194    9.230    9.256
            0.312500  0.000000  0.062500
   -9.090   -9.090   -9.079   -9.079   -9.035   -9.035   -9.026   -9.026   -9.024   -9.024
   -9.009   -9.009   -8.987   -8.987   -8.974   -8.974   -8.970   -8.970   -8.969   -8.969
   -8.967   -8.967   -8.965   -8.965   -8.944   -8.944   -8.942   -8.942   -8.940   -8.940
   -8.936   -8.935   -8.929   -8.928   -8.928   -8.928   -8.927   -8.926   -8.923   -8.923
   -6.321   -6.276   -5.995   -5.864   -5.591   -5.388   -5.145   -5.116   -5.034   -4.996
   -4.916   -4.808   -4.780   -4.692   -4.565   -4.509   -4.503   -4.405   -4.393   -4.369
   -0.659   -0.657   -0.370   -0.267   -0.131   -0.121    0.294    0.441    0.452    0.526
    0.665    0.738    0.873    0.948    1.129    1.482    1.902    1.941    2.053    2.072
    2.170    2.235    2.404    2.491    2.555    2.557    2.645    2.653    2.796    2.807
    2.927    2.945    2.991    3.063    3.192    3.269    3.336    3.373    3.460    3.486
    3.552    3.603    3.610    3.655    3.707    3.737    3.824    3.847    3.852    3.885
    3.914    4.155    4.452    4.636    4.778    4.825    4.969    5.137    5.287    5.354
    7.510    7.805    7.903    8.017    8.248    8.401    8.420    8.474    8.497    8.574
    8.582    8.721    8.747    8.880    8.906    8.937    8.980    9.015    9.140    9.237
    9.239    9.316    9.335    9.424
            0.343750  0.000000  0.068750
   -9.088   -9.088   -9.079   -9.079   -9.034   -9.033   -9.026   -9.026   -9.024   -9.024
   -9.012   -9.012   -8.986   -8.986   -8.975   -8.975   -8.970   -8.970   -8.970   -8.970
   -8.969   -8.969   -8.966   -8.966   -8.943   -8.943   -8.941   -8.941   -8.939   -8.939
   -8.936   -8.935   -8.929   -8.929   -8.929   -8.928   -8.927   -8.926   -8.924   -8.924
   -6.248   -6.206   -5.926   -5.813   -5.521   -5.356   -5.258   -5.229   -5.085   -5.007
   -4.982   -4.841   -4.795   -4.758   -4.593   -4.525   -4.487   -4.403   -4.398   -4.370
   -0.620   -0.617   -0.368   -0.286   -0.041   -0.024    0.329    0.432    0.499    0.594
    0.610    0.843    1.023    1.052    1.111    1.340    1.904    1.932    1.942    2.101
    2.146    2.264    2.300    2.326    2.455    2.470    2.549    2.664    2.730    2.776
    2.910    2.914    2.950    2.970    3.052    3.147    3.194    3.279    3.465    3.510
    3.617    3.685    3.705    3.748    3.758    3.798    3.823    3.870    3.937    4.007
    4.017    4.054    4.511    4.534    4.686    4.741    4.894    4.995    5.245    5.263
    7.600    7.848    8.023    8.106    8.434    8.457    8.518    8.533    8.620    8.751
    8.828    8.837    8.874    8.921    8.930    9.016    9.068    9.111    9.210    9.230
    9.300    9.343    9.562    9.583
            0.375000  0.000000  0.075000
   -9.086   -9.086   -9.078   -9.078   -9.032   -9.032   -9.025   -9.025   -9.024   -9.024
   -9.015   -9.014   -8.985   -8.984   -8.975   -8.975   -8.971   -8.971   -8.971   -8.970
   -8.970   -8.970   -8.967   -8.967   -8.942   -8.942   -8.940   -8.940   -8.939   -8.938
   -8.936   -8.935   -8.929   -8.929   -8.929   -8.929   -8.928   -8.927   -8.925   -8.925
   -6.169   -6.130   -5.852   -5.756   -5.448   -5.371   -5.342   -5.319   -5.175   -5.101
   -4.931   -4.902   -4.827   -4.779   -4.622   -4.551   -4.468   -4.402   -4.401   -4.371
   -0.581   -0.576   -0.371   -0.307    0.039    0.068    0.367    0.420    0.528    0.550
    0.711    0.955    0.970    1.187    1.207    1.283    1.808    1.918    1.943    2.112
    2.118    2.178    2.252    2.314    2.368    2.392    2.449    2.537    2.736    2.763
    2.822    2.890    2.903    2.919    2.955    3.019    3.111    3.116    3.560    3.564
    3.649    3.687    3.774    3.779    3.810    3.819    3.864    3.932    3.983    4.021
    4.176    4.189    4.416    4.544    4.579    4.659    4.834    4.860    5.158    5.172
    7.698    7.897    8.145    8.243    8.433    8.512    8.546    8.728    8.759    8.829
    8.879    8.941    8.957    9.020    9.030    9.059    9.111    9.230    9.322    9.325
    9.384    9.426    9.621    9.645
            0.406250  0.000000  0.081250
   -9.084   -9.084   -9.078   -9.078   -9.030   -9.030   -9.024   -9.024   -9.024   -9.023
   -9.017   -9.017   -8.983   -8.983   -8.976   -8.976   -8.973   -8.973   -8.972   -8.972
   -8.971   -8.970   -8.968   -8.968   -8.941   -8.940   -8.939   -8.939   -8.938   -8.938
   -8.936   -8.935   -8.930   -8.929   -8.929   -8.929   -8.928   -8.927   -8.926   -8.926
   -6.085   -6.048   -5.775   -5.692   -5.482   -5.453   -5.372   -5.278   -5.264   -5.195
   -4.963   -4.901   -4.880   -4.760   -4.651   -4.581   -4.451   -4.405   -4.399   -4.373
   -0.541   -0.537   -0.380   -0.332    0.110    0.154    0.404    0.410    0.468    0.606
    0.827    0.883    1.073    1.086    1.365    1.463    1.671    1.932    1.946    1.970
    2.114    2.205    2.255    2.293    2.322    2.354    2.361    2.416    2.555    2.696
    2.757    2.835    2.860    2.885    2.934    2.963    3.030    3.085    3.545    3.626
    3.668    3.709    3.764    3.797    3.829    3.872    3.911    3.953    4.124    4.174
    4.310    4.313    4.323    4.415    4.555    4.587    4.725    4.805    5.040    5.069
    7.803    7.952    8.293    8.368    8.409    8.509    8.556    8.775    8.837    8.905
    8.909    8.984    9.035    9.088    9.122    9.179    9.333    9.347    9.354    9.413
    9.492    9.517    9.687    9.707
            0.437500  0.000000  0.087500
   -9.083   -9.083   -9.079   -9.079   -9.029   -9.028   -9.024   -9.024   -9.023   -9.023
   -9.020   -9.020   -8.982   -8.982   -8.976   -8.976   -8.975   -8.975   -8.973   -8.973
   -8.971   -8.970   -8.969   -8.969   -8.940   -8.940   -8.939   -8.938   -8.938   -8.937
   -8.936   -8.935   -8.930   -8.929   -8.929   -8.929   -8.928   -8.928   -8.927   -8.927
   -5.995   -5.960   -5.694   -5.623   -5.591   -5.562   -5.352   -5.295   -5.289   -5.233
   -5.022   -4.977   -4.832   -4.738   -4.681   -4.614   -4.437   -4.409   -4.395   -4.376
   -0.502   -0.501   -0.394   -0.361    0.174    0.230    0.380    0.414    0.462    0.666
    0.791    0.956    0.979    1.196    1.530    1.553    1.650    1.763    1.991    2.011
    2.120    2.176    2.231    2.260    2.264    2.302    2.345    2.368    2.420    2.479
    2.729    2.772    2.818    2.848    2.870    2.961    3.043    3.146    3.453    3.568
    3.686    3.775    3.810    3.830    3.845    3.925    3.985    4.018    4.206    4.284
    4.289    4.325    4.429    4.445    4.449    4.501    4.681    4.753    4.913    4.940
    7.914    8.014    8.290    8.411    8.471    8.588    8.599    8.756    8.841    8.894
    8.901    9.010    9.169    9.187    9.280    9.364    9.375    9.386    9.422    9.549
    9.557    9.566    9.661    9.678
            0.468750  0.000000  0.093750
   -9.081   -9.081   -9.079   -9.079   -9.027   -9.027   -9.024   -9.024   -9.023   -9.023
   -9.022   -9.022   -8.980   -8.980   -8.977   -8.977   -8.976   -8.976   -8.974   -8.974
   -8.970   -8.970   -8.970   -8.969   -8.939   -8.939   -8.938   -8.938   -8.938   -8.937
   -8.936   -8.936   -8.930   -8.929   -8.929   -8.929   -8.929   -8.928   -8.928   -8.927
   -5.900   -5.868   -5.698   -5.668   -5.610   -5.547   -5.439   -5.379   -5.216   -5.184
   -5.081   -5.054   -4.788   -4.713   -4.711   -4.648   -4.427   -4.413   -4.391   -4.381
   -0.467   -0.464   -0.413   -0.392    0.232    0.291    0.339    0.374    0.528    0.698
    0.732    0.886    1.094    1.325    1.385    1.607    1.749    1.840    2.051    2.064
    2.137    2.137    2.167    2.184    2.185    2.212    2.219    2.278    2.445    2.489
    2.639    2.687    2.799    2.840    2.854    2.898    3.159    3.219    3.363    3.433
    3.748    3.808    3.834    3.878    3.900    3.938    4.097    4.105    4.129    4.157
    4.331    4.373    4.455    4.473    4.536    4.552    4.657    4.687    4.778    4.794
    8.027    8.084    8.209    8.294    8.643    8.674    8.729    8.767    8.798    8.820
    8.954    9.076    9.105    9.303    9.328    9.383    9.391    9.424    9.527    9.545
    9.608    9.617    9.672    9.687
            0.500000  0.000000  0.100000
   -9.080   -9.080   -9.080   -9.080   -9.025   -9.025   -9.025   -9.025   -9.023   -9.023
   -9.023   -9.023   -8.978   -8.978   -8.978   -8.978   -8.975   -8.975   -8.975   -8.975
   -8.970   -8.970   -8.970   -8.970   -8.938   -8.938   -8.938   -8.938   -8.937   -8.937
   -8.937   -8.937   -8.929   -8.929   -8.929   -8.929   -8.928   -8.928   -8.928   -8.928
   -5.801   -5.801   -5.770   -5.770   -5.525   -5.525   -5.466   -5.466   -5.141   -5.141
   -5.127   -5.127   -4.749   -4.749   -4.681   -4.681   -4.419   -4.419   -4.386   -4.386
   -0.438   -0.438   -0.427   -0.427    0.287    0.287    0.337    0.337    0.608    0.608
    0.805    0.805    1.239    1.239    1.461    1.461    1.949    1.949    2.030    2.030
    2.121    2.121    2.139    2.139    2.163    2.163    2.180    2.180    2.548    2.548
    2.574    2.574    2.830    2.830    2.855    2.855    3.270    3.270    3.311    3.311
    3.795    3.795    3.847    3.847    4.003    4.003    4.038    4.038    4.214    4.214
    4.247    4.247    4.599    4.599    4.600    4.600    4.647    4.647    4.649    4.649
    8.126    8.126    8.178    8.178    8.698    8.698    8.765    8.765    8.884    8.884
    8.931    8.931    9.193    9.193    9.379    9.379    9.471    9.471    9.497    9.497
    9.614    9.614    9.656    9.656
            0.468750  0.000000  0.093750
   -9.081   -9.081   -9.079   -9.079   -9.027   -9.027   -9.024   -9.024   -9.023   -9.023
   -9.022   -9.022   -8.980   -8.980   -8.977   -8.977   -8.976   -8.976   -8.974   -8.974
   -8.970   -8.970   -8.970   -8.969   -8.939   -8.939   -8.938   -8.938   -8.938   -8.937
   -8.936   -8.936   -8.930   -8.929   -8.929   -8.929   -8.929   -8.928   -8.928   -8.927
   -5.900   -5.868   -5.698   -5.668   -5.610   -5.547   -5.439   -5.379   -5.216   -5.184
   -5.081   -5.054   -4.788   -4.713   -4.711   -4.648   -4.427   -4.413   -4.391   -4.381
   -0.467   -0.464   -0.413   -0.392    0.232    0.291    0.339    0.374    0.528    0.698
    0.732    0.886    1.094    1.325    1.385    1.607    1.749    1.840    2.051    2.064
    2.137    2.137    2.167    2.184    2.185    2.212    2.219    2.278    2.445    2.489
    2.639    2.687    2.799    2.840    2.854    2.898    3.159    3.219    3.363    3.433
    3.748    3.808    3.834    3.878    3.900    3.938    4.097    4.105    4.129    4.157
    4.331    4.373    4.455    4.473    4.536    4.552    4.657    4.687    4.778    4.794
    8.027    8.084    8.209    8.294    8.643    8.674    8.729    8.767    8.798    8.820
    8.954    9.076    9.105    9.303    9.328    9.383    9.391    9.424    9.527    9.545
    9.608    9.617    9.672    9.687
            0.437500  0.000000  0.087500
   -9.083   -9.083   -9.079   -9.079   -9.029   -9.028   -9.024   -9.024   -9.023   -9.023
   -9.020   -9.020   -8.982   -8.982   -8.976   -8.976   -8.975   -8.975   -8.973   -8.973
   -8.971   -8.970   -8.969   -8.969   -8.940   -8.940   -8.939   -8.938   -8.938   -8.937
   -8.936   -8.935   -8.930   -8.929   -8.929   -8.929   -8.928   -8.928   -8.927   -8.927
   -5.995   -5.960   -5.694   -5.623   -5.591   -5.562   -5.352   -5.295   -5.289   -5.233
   -5.022   -4.977   -4.832   -4.738   -4.681   -4.614   -4.437   -4.409   -4.395   -4.376
   -0.502   -0.501   -0.394   -0.361    0.174    0.230    0.380    0.414    0.462    0.666
    0.791    0.956    0.979    1.196    1.530    1.553    1.650    1.763    1.991    2.011
    2.120    2.176    2.231    2.260    2.264    2.302    2.345    2.368    2.420    2.479
    2.729    2.772    2.818    2.848    2.870    2.961    3.043    3.146    3.453    3.568
    3.686    3.775    3.810    3.830    3.845    3.925    3.985    4.018    4.206    4.284
    4.289    4.325    4.429    4.445    4.449    4.501    4.681    4.753    4.913    4.940
    7.914    8.014    8.290    8.411    8.471    8.588    8.599    8.756    8.841    8.894
    8.901    9.010    9.169    9.187    9.280    9.364    9.375    9.386    9.422    9.549
    9.557    9.566    9.661    9.678
            0.406250  0.000000  0.081250
   -9.084   -9.084   -9.078   -9.078   -9.030   -9.030   -9.024   -9.024   -9.024   -9.023
   -9.017   -9.017   -8.983   -8.983   -8.976   -8.976   -8.973   -8.973   -8.972   -8.972
   -8.971   -8.970   -8.968   -8.968   -8.941   -8.940   -8.939   -8.939   -8.938   -8.938
   -8.936   -8.935   -8.930   -8.929   -8.929   -8.929   -8.928   -8.927   -8.926   -8.926
   -6.085   -6.048   -5.775   -5.692   -5.482   -5.453   -5.372   -5.278   -5.264   -5.195
   -4.963   -4.901   -4.880   -4.760   -4.651   -4.581   -4.451   -4.405   -4.399   -4.373
   -0.541   -0.537   -0.380   -0.332    0.110    0.154    0.404    0.410    0.468    0.606
    0.827    0.883    1.073    1.086    1.365    1.463    1.671    1.932    1.946    1.970
    2.114    2.205    2.255    2.293    2.322    2.354    2.361    2.416    2.555    2.696
    2.757    2.835    2.860    2.885    2.934    2.963    3.030    3.085    3.545    3.626
    3.668    3.709    3.764    3.797    3.829    3.872    3.911    3.953    4.124    4.174
    4.310    4.313    4.323    4.415    4.555    4.587    4.725    4.805    5.040    5.069
    7.803    7.952    8.293    8.368    8.409    8.509    8.556    8.775    8.837    8.905
    8.909    8.984    9.035    9.088    9.122    9.179    9.333    9.347    9.354    9.413
    9.492    9.517    9.687    9.707
            0.375000  0.000000  0.075000
   -9.086   -9.086   -9.078   -9.078   -9.032   -9.032   -9.025   -9.025   -9.024   -9.024
   -9.015   -9.014   -8.985   -8.984   -8.975   -8.975   -8.971   -8.971   -8.971   -8.970
   -8.970   -8.970   -8.967   -8.967   -8.942   -8.942   -8.940   -8.940   -8.939   -8.938
   -8.936   -8.935   -8.929   -8.929   -8.929   -8.929   -8.928   -8.927   -8.925   -8.925
   -6.169   -6.130   -5.852   -5.756   -5.448   -5.371   -5.342   -5.319   -5.175   -5.101
   -4.931   -4.902   -4.827   -4.779   -4.622   -4.551   -4.468   -4.402   -4.401   -4.371
   -0.581   -0.576   -0.371   -0.307    0.039    0.068    0.367    0.420    0.528    0.550
    0.711    0.955    0.970    1.187    1.207    1.283    1.808    1.918    1.943    2.112
    2.118    2.178    2.252    2.314    2.368    2.392    2.449    2.537    2.736    2.763
    2.822    2.890    2.903    2.919    2.955    3.019    3.111    3.116    3.560    3.564
    3.649    3.687    3.774    3.779    3.810    3.819    3.864    3.932    3.983    4.021
    4.176    4.189    4.416    4.544    4.579    4.659    4.834    4.860    5.158    5.172
    7.698    7.897    8.145    8.243    8.433    8.512    8.546    8.728    8.759    8.829
    8.879    8.941    8.957    9.020    9.030    9.059    9.111    9.230    9.322    9.325
    9.384    9.426    9.621    9.645
            0.343750  0.000000  0.068750
   -9.088   -9.088   -9.079   -9.079   -9.034   -9.033   -9.026   -9.026   -9.024   -9.024
   -9.012   -9.012   -8.986   -8.986   -8.975   -8.975   -8.970   -8.970   -8.970   -8.970
   -8.969   -8.969   -8.966   -8.966   -8.943   -8.943   -8.941   -8.941   -8.939   -8.939
   -8.936   -8.935   -8.929   -8.929   -8.929   -8.928   -8.927   -8.926   -8.924   -8.924
   -6.248   -6.206   -5.926   -5.813   -5.521   -5.356   -5.258   -5.229   -5.085   -5.007
   -4.982   -4.841   -4.795   -4.758   -4.593   -4.525   -4.487   -4.403   -4.398   -4.370
   -0.620   -0.617   -0.368   -0.286   -0.041   -0.024    0.329    0.432    0.499    0.594
    0.610    0.843    1.023    1.052    1.111    1.340    1.904    1.932    1.942    2.101
    2.146    2.264    2.300    2.326    2.455    2.470    2.549    2.664    2.730    2.776
    2.910    2.914    2.950    2.970    3.052    3.147    3.194    3.279    3.465    3.510
    3.617    3.685    3.705    3.748    3.758    3.798    3.823    3.870    3.937    4.007
    4.017    4.054    4.511    4.534    4.686    4.741    4.894    4.995    5.245    5.263
    7.600    7.848    8.023    8.106    8.434    8.457    8.518    8.533    8.620    8.751
    8.828    8.837    8.874    8.921    8.930    9.016    9.068    9.111    9.210    9.230
    9.300    9.343    9.562    9.583
            0.312500  0.000000  0.062500
   -9.090   -9.090   -9.079   -9.079   -9.035   -9.035   -9.026   -9.026   -9.024   -9.024
   -9.009   -9.009   -8.987   -8.987   -8.974   -8.974   -8.970   -8.970   -8.969   -8.969
   -8.967   -8.967   -8.965   -8.965   -8.944   -8.944   -8.942   -8.942   -8.940   -8.940
   -8.936   -8.935   -8.929   -8.928   -8.928   -8.928   -8.927   -8.926   -8.923   -8.923
   -6.321   -6.276   -5.995   -5.864   -5.591   -5.388   -5.145   -5.116   -5.034   -4.996
   -4.916   -4.808   -4.780   -4.692   -4.565   -4.509   -4.503   -4.405   -4.393   -4.369
   -0.659   -0.657   -0.370   -0.267   -0.131   -0.121    0.294    0.441    0.452    0.526
    0.665    0.738    0.873    0.948    1.129    1.482    1.902    1.941    2.053    2.072
    2.170    2.235    2.404    2.491    2.555    2.557    2.645    2.653    2.796    2.807
    2.927    2.945    2.991    3.063    3.192    3.269    3.336    3.373    3.460    3.486
    3.552    3.603    3.610    3.655    3.707    3.737    3.824    3.847    3.852    3.885
    3.914    4.155    4.452    4.636    4.778    4.825    4.969    5.137    5.287    5.354
    7.510    7.805    7.903    8.017    8.248    8.401    8.420    8.474    8.497    8.574
    8.582    8.721    8.747    8.880    8.906    8.937    8.980    9.015    9.140    9.237
    9.239    9.316    9.335    9.424
            0.281250  0.000000  0.056250
   -9.092   -9.092   -9.080   -9.080   -9.036   -9.036   -9.027   -9.027   -9.025   -9.024
   -9.006   -9.006   -8.988   -8.988   -8.973   -8.973   -8.970   -8.969   -8.968   -8.967
   -8.965   -8.965   -8.963   -8.963   -8.945   -8.945   -8.943   -8.943   -8.941   -8.941
   -8.937   -8.936   -8.928   -8.928   -8.927   -8.927   -8.927   -8.926   -8.922   -8.922
   -6.387   -6.340   -6.058   -5.910   -5.657   -5.415   -5.085   -5.033   -5.004   -4.908
   -4.827   -4.818   -4.719   -4.632   -4.538   -4.531   -4.485   -4.406   -4.388   -4.370
   -0.697   -0.696   -0.377   -0.250   -0.229   -0.223    0.260    0.407    0.446    0.458
    0.642    0.738    0.739    0.796    1.200    1.632    1.910    1.971    2.018    2.199
    2.208    2.214    2.496    2.570    2.638    2.645    2.713    2.760    2.843    2.892
    2.937    2.980    3.036    3.194    3.288    3.336    3.346    3.435    3.492    3.506
    3.514    3.525    3.532    3.570    3.677    3.686    3.696    3.769    3.802    3.832
    3.958    4.302    4.376    4.745    4.786    4.957    5.062    5.241    5.326    5.426
    7.428    7.766    7.785    7.956    8.080    8.278    8.318    8.340    8.341    8.396
    8.467    8.538    8.623    8.688    8.819    8.877    8.903    8.991    9.041    9.136
    9.154    9.194    9.230    9.256
            0.250000  0.000000  0.050000
   -9.094   -9.093   -9.081   -9.081   -9.037   -9.037   -9.028   -9.028   -9.025   -9.025
   -9.004   -9.003   -8.988   -8.988   -8.972   -8.972   -8.969   -8.969   -8.967   -8.966
   -8.963   -8.963   -8.962   -8.962   -8.946   -8.946   -8.943   -8.943   -8.942   -8.941
   -8.937   -8.936   -8.928   -8.927   -8.927   -8.927   -8.926   -8.925   -8.922   -8.922
   -6.448   -6.398   -6.116   -5.948   -5.719   -5.437   -5.135   -4.924   -4.895   -4.825
   -4.823   -4.743   -4.661   -4.578   -4.555   -4.512   -4.470   -4.407   -4.382   -4.370
   -0.735   -0.732   -0.388   -0.333   -0.328   -0.233    0.229    0.365    0.406    0.448
    0.556    0.620    0.656    0.817    1.266    1.786    1.928    1.998    2.022    2.202
    2.257    2.323    2.505    2.598    2.737    2.751    2.864    2.867    2.891    2.913
    3.018    3.078    3.085    3.210    3.312    3.388    3.397    3.401    3.423    3.435
    3.442    3.468    3.510    3.525    3.620    3.634    3.662    3.695    3.805    3.949
    4.071    4.300    4.447    4.771    4.858    5.088    5.149    5.243    5.429    5.480
    7.354    7.661    7.741    7.871    7.976    8.060    8.157    8.191    8.231    8.285
    8.364    8.384    8.454    8.543    8.689    8.704    8.807    8.860    8.962    8.985
    9.002    9.041    9.103    9.125
            0.218750  0.000000  0.043750
   -9.095   -9.095   -9.081   -9.081   -9.039   -9.038   -9.029   -9.029   -9.025   -9.025
   -9.001   -9.001   -8.989   -8.989   -8.971   -8.971   -8.969   -8.968   -8.966   -8.965
   -8.962   -8.962   -8.960   -8.960   -8.947   -8.947   -8.944   -8.944   -8.942   -8.942
   -8.937   -8.937   -8.927   -8.927   -8.926   -8.926   -8.926   -8.925   -8.921   -8.921
   -6.501   -6.449   -6.167   -5.981   -5.777   -5.455   -5.184   -4.829   -4.820   -4.792
   -4.741   -4.665   -4.606   -4.580   -4.531   -4.488   -4.457   -4.408   -4.376   -4.370
   -0.771   -0.766   -0.439   -0.434   -0.401   -0.218    0.199    0.324    0.366    0.447
    0.482    0.517    0.529    0.898    1.325    1.944    1.958    1.995    2.091    2.200
    2.315    2.441    2.453    2.705    2.829    2.844    2.860    2.945    2.973    3.057
    3.107    3.139    3.140    3.225    3.279    3.302    3.335    3.359    3.387    3.396
    3.411    3.420    3.427    3.473    3.562    3.576    3.688    3.799    3.825    4.111
    4.180    4.282    4.585    4.747    4.966    5.146    5.216    5.284    5.507    5.532
    7.288    7.553    7.718    7.793    7.838    7.852    7.992    8.042    8.095    8.193
    8.233    8.286    8.319    8.480    8.500    8.544    8.597    8.642    8.765    8.807
    8.900    8.973    9.049    9.100
            0.187500  0.000000  0.037500
   -9.097   -9.097   -9.082   -9.082   -9.039   -9.039   -9.030   -9.029   -9.026   -9.025
   -8.998   -8.998   -8.990   -8.989   -8.970   -8.970   -8.968   -8.968   -8.965   -8.965
   -8.960   -8.960   -8.959   -8.959   -8.948   -8.948   -8.944   -8.944   -8.943   -8.943
   -8.938   -8.937   -8.927   -8.927   -8.926   -8.926   -8.925   -8.924   -8.921   -8.920
   -6.548   -6.493   -6.212   -6.008   -5.830   -5.467   -5.229   -4.830   -4.724   -4.696
   -4.664   -4.604   -4.595   -4.555   -4.493   -4.466   -4.444   -4.409   -4.370   -4.369
   -0.804   -0.798   -0.543   -0.538   -0.416   -0.203    0.172    0.289    0.336    0.417
    0.420    0.429    0.443    0.979    1.374    1.998    2.012    2.101    2.178    2.207
    2.382    2.412    2.552    2.814    2.831    2.919    2.967    3.003    3.074    3.077
    3.096    3.154    3.181    3.186    3.205    3.277    3.294    3.324    3.353    3.365
    3.381    3.390    3.423    3.428    3.500    3.530    3.810    3.851    3.959    4.118
    4.235    4.463    4.714    4.724    5.061    5.089    5.333    5.369    5.519    5.600
    7.231    7.467    7.634    7.690    7.714    7.750    7.793    7.953    7.958    8.005
    8.047    8.220    8.300    8.347    8.365    8.399    8.435    8.483    8.552    8.653
    8.729    8.903    8.946    9.080
            0.156250  0.000000  0.031250
   -9.098   -9.098   -9.083   -9.083   -9.040   -9.040   -9.030   -9.030   -9.026   -9.026
   -8.996   -8.996   -8.990   -8.990   -8.969   -8.969   -8.968   -8.967   -8.964   -8.964
   -8.959   -8.959   -8.958   -8.958   -8.949   -8.948   -8.945   -8.944   -8.944   -8.944
   -8.938   -8.937   -8.927   -8.927   -8.926   -8.925   -8.925   -8.924   -8.920   -8.920
   -6.588   -6.531   -6.251   -6.028   -5.878   -5.474   -5.272   -4.828   -4.639   -4.628
   -4.612   -4.591   -4.535   -4.510   -4.470   -4.440   -4.428   -4.410   -4.366   -4.364
   -0.832   -0.827   -0.640   -0.636   -0.430   -0.188    0.148    0.259    0.306    0.325
    0.355    0.369    0.436    1.060    1.412    2.041    2.055    2.224    2.256    2.280
    2.383    2.458    2.653    2.823    2.920    3.004    3.015    3.034    3.048    3.060
    3.068    3.125    3.132    3.168    3.183    3.207    3.228    3.270    3.319    3.326
    3.385    3.404    3.420    3.440    3.570    3.627    3.812    3.990    4.074    4.094
    4.323    4.590    4.748    4.832    5.021    5.173    5.430    5.450    5.516    5.631
    7.183    7.403    7.451    7.570    7.610    7.692    7.741    7.789    7.813    7.876
    7.926    8.118    8.139    8.191    8.192    8.289    8.359    8.368    8.523    8.530
    8.589    8.786    8.840    8.996
            0.125000  0.000000  0.025000
   -9.099   -9.099   -9.084   -9.083   -9.041   -9.041   -9.031   -9.031   -9.026   -9.026
   -8.994   -8.994   -8.990   -8.990   -8.968   -8.968   -8.967   -8.967   -8.963   -8.963
   -8.958   -8.958   -8.957   -8.957   -8.950   -8.949   -8.945   -8.945   -8.944   -8.944
   -8.938   -8.938   -8.927   -8.927   -8.925   -8.925   -8.925   -8.924   -8.920   -8.919
   -6.621   -6.562   -6.283   -6.041   -5.920   -5.476   -5.312   -4.824   -4.651   -4.571
   -4.544   -4.527   -4.484   -4.472   -4.456   -4.412   -4.410   -4.410   -4.359   -4.357
   -0.857   -0.852   -0.727   -0.725   -0.444   -0.175    0.127    0.235    0.236    0.295
    0.297    0.329    0.428    1.139    1.437    2.093    2.118    2.250    2.367    2.394
    2.404    2.539    2.740    2.823    2.905    2.916    2.977    3.023    3.043    3.062
    3.079    3.114    3.118    3.142    3.160    3.169    3.249    3.272    3.289    3.293
    3.330    3.356    3.392    3.561    3.701    3.757    3.824    3.979    4.182    4.217
    4.398    4.584    4.762    4.934    5.097    5.263    5.441    5.536    5.550    5.626
    7.143    7.293    7.329    7.448    7.507    7.586    7.655    7.685    7.760    7.810
    7.848    7.962    7.997    8.041    8.098    8.142    8.211    8.348    8.384    8.512
    8.540    8.656    8.833    8.861
            0.093750  0.000000  0.018750
   -9.100   -9.100   -9.084   -9.084   -9.041   -9.041   -9.031   -9.031   -9.026   -9.026
   -8.993   -8.993   -8.991   -8.990   -8.967   -8.967   -8.967   -8.967   -8.963   -8.963
   -8.957   -8.957   -8.957   -8.956   -8.950   -8.950   -8.945   -8.945   -8.945   -8.944
   -8.939   -8.938   -8.927   -8.926   -8.925   -8.925   -8.925   -8.924   -8.919   -8.919
   -6.646   -6.587   -6.308   -6.048   -5.956   -5.473   -5.348   -4.819   -4.671   -4.519
   -4.493   -4.482   -4.461   -4.437   -4.433   -4.411   -4.391   -4.386   -4.349   -4.348
   -0.877   -0.872   -0.800   -0.799   -0.455   -0.163    0.110    0.171    0.218    0.252
    0.279    0.298    0.420    1.212    1.448    2.161    2.191    2.285    2.365    2.517
    2.541    2.626    2.792    2.807    2.810    2.833    2.891    2.953    2.970    3.013
    3.085    3.114    3.142    3.162    3.196    3.237    3.239    3.266    3.268    3.279
    3.300    3.326    3.401    3.663    3.770    3.804    3.917    3.967    4.312    4.338
    4.457    4.552    4.690    5.017    5.250    5.342    5.419    5.558    5.615    5.633
    7.110    7.161    7.235    7.300    7.398    7.520    7.526    7.688    7.756    7.779
    7.802    7.848    7.860    7.924    8.007    8.044    8.108    8.269    8.332    8.456
    8.467    8.565    8.697    8.773
            0.062500  0.000000  0.012500
   -9.101   -9.101   -9.085   -9.084   -9.042   -9.042   -9.032   -9.032   -9.026   -9.026
   -8.992   -8.992   -8.991   -8.991   -8.967   -8.967   -8.966   -8.966   -8.962   -8.962
   -8.957   -8.957   -8.956   -8.956   -8.951   -8.950   -8.945   -8.945   -8.945   -8.945
   -8.939   -8.938   -8.927   -8.926   -8.925   -8.925   -8.925   -8.924   -8.919   -8.919
   -6.664   -6.604   -6.326   -6.049   -5.987   -5.465   -5.379   -4.813   -4.688   -4.483
   -4.462   -4.457   -4.456   -4.411   -4.409   -4.404   -4.373   -4.366   -4.337   -4.335
   -0.891   -0.887   -0.856   -0.854   -0.464   -0.154    0.097    0.124    0.205    0.220
    0.269    0.277    0.413    1.278    1.445    2.243    2.271    2.326    2.374    2.641
    2.659    2.685    2.720    2.734    2.778    2.802    2.849    2.856    2.937    2.977
    3.036    3.139    3.173    3.186    3.190    3.199    3.219    3.250    3.251    3.298
    3.327    3.377    3.411    3.744    3.809    3.818    3.886    4.103    4.401    4.462
    4.496    4.536    4.611    5.078    5.251    5.400    5.492    5.550    5.656    5.687
    7.051    7.084    7.154    7.156    7.269    7.430    7.563    7.703    7.703    7.719
    7.759    7.782    7.840    7.863    7.909    8.005    8.038    8.191    8.314    8.373
    8.403    8.507    8.606    8.680
            0.031250  0.000000  0.006250
   -9.101   -9.101   -9.085   -9.085   -9.042   -9.042   -9.032   -9.032   -9.026   -9.026
   -8.991   -8.991   -8.991   -8.991   -8.966   -8.966   -8.966   -8.966   -8.962   -8.962
   -8.956   -8.956   -8.956   -8.956   -8.951   -8.950   -8.946   -8.945   -8.945   -8.945
   -8.939   -8.938   -8.927   -8.926   -8.925   -8.925   -8.925   -8.923   -8.919   -8.919
   -6.676   -6.614   -6.337   -6.044   -6.011   -5.453   -5.406   -4.808   -4.700   -4.462
   -4.454   -4.448   -4.444   -4.411   -4.393   -4.386   -4.360   -4.352   -4.324   -4.322
   -0.900   -0.897   -0.891   -0.888   -0.469   -0.148    0.089    0.096    0.198    0.201
    0.263    0.265    0.409    1.333    1.428    2.327    2.343    2.371    2.391    2.631
    2.643    2.665    2.679    2.750    2.784    2.827    2.859    2.863    2.923    2.956
    2.997    3.045    3.068    3.220    3.222    3.222    3.232    3.240    3.240    3.336
    3.344    3.410    3.418    3.800    3.817    3.840    3.858    4.205    4.463    4.490
    4.513    4.538    4.622    5.116    5.172    5.437    5.465    5.667    5.692    5.725
    6.950    7.058    7.062    7.110    7.201    7.371    7.600    7.648    7.688    7.699
    7.742    7.743    7.783    7.858    7.926    7.986    7.995    8.151    8.280    8.294
    8.364    8.465    8.567    8.617
            0.000000  0.000000  0.000000
   -9.101   -9.101   -9.085   -9.085   -9.042   -9.042   -9.032   -9.032   -9.027   -9.026
   -8.991   -8.991   -8.991   -8.991   -8.966   -8.966   -8.966   -8.966   -8.962   -8.962
   -8.956   -8.956   -8.956   -8.956   -8.951   -8.951   -8.946   -8.945   -8.945   -8.945
   -8.939   -8.938   -8.926   -8.926   -8.925   -8.925   -8.925   -8.923   -8.919   -8.919
   -6.679   -6.618   -6.340   -6.037   -6.024   -5.443   -5.421   -4.806   -4.704   -4.457
   -4.452   -4.444   -4.440   -4.412   -4.388   -4.381   -4.355   -4.348   -4.319   -4.317
   -0.903   -0.903   -0.900   -0.899   -0.471   -0.146    0.087    0.087    0.195    0.195
    0.261    0.261    0.407    1.363    1.411    2.369    2.369    2.407    2.407    2.596
    2.612    2.619    2.628    2.791    2.857    2.862    2.862    2.921    2.921    2.929
    2.966    2.972    3.007    3.230    3.230    3.236    3.237    3.237    3.237    3.349
    3.349    3.420    3.420    3.824    3.824    3.844    3.844    4.242    4.491    4.491
    4.512    4.512    4.672    5.129    5.129    5.451    5.451    5.687    5.738    5.738
    6.902    7.030    7.052    7.098    7.179    7.351    7.613    7.629    7.679    7.679
    7.730    7.761    7.763    7.844    7.946    7.979    7.999    8.139    8.256    8.256
    8.350    8.449    8.558    8.592
